997
64276
99839
66065
69269
26038
79143
88930
55244
61882
23909
93097
51077
55417
85684
78601
13490
15938
30747
23758
72407
48865
72854
56317
12617
67703
89302
21506
10482
54089
73997
46096
99799
62717
39018
63384
12426
47199
44642
41511
13947
97024
42093
50896
33716
93272
43254
96909
97626
79659
42386
48035
24977
22029
21335
14912
19963
38037
34332
20488
16177
94711
10778
94868
63226
73483
73113
20173
20793
73233
76654
11205
56004
76179
89283
77678
51526
89135
45228
95103
92586
68095
42212
94243
14942
69840
54821
38141
54488
39458
48159
28399
95451
24723
26002
66578
76412
31540
20008
44941
74390
24950
64372
68351
37884
17333
92584
28789
78315
40297
16730
13609
35339
18281
82030
85579
53973
74072
90257
13353
35284
83291
58922
36144
87300
73671
11856
62860
87458
65199
31584
32602
64815
25608
92854
23997
66738
30569
74052
30620
53789
34039
80339
65648
59277
46863
42040
73354
92455
75789
35379
89114
11238
68020
44911
99677
18442
41448
32423
33701
91343
20406
77155
42296
89016
87734
39015
60164
14778
34087
59781
91590
56541
19724
67501
86179
92379
38678
14177
41946
38277
16845
46409
63640
35187
12637
25109
22961
59511
17639
75228
53385
12103
48567
11883
60268
33965
45386
21956
71583
56937
31191
51672
27100
14060
23250
67876
44690
36360
18797
97643
72437
71739
53296
31434
40075
21737
38035
64588
36337
68621
72662
89380
12785
33931
50826
29261
95824
72511
70750
28147
77600
55470
66090
82953
62634
61800
80808
82588
84226
99698
73492
96926
57163
42550
85534
54230
77551
47246
39585
36561
61279
66707
92621
70806
92368
23881
68812
64353
67122
83900
80005
63087
80550
52299
30536
39814
13579
70585
73202
91696
97425
38508
35670
15934
72797
67634
80039
32135
56238
28729
32470
22650
98229
32820
53855
94984
93887
94214
14863
57768
33062
12085
92391
89577
89138
56947
25416
89413
13248
75731
75711
35937
45276
67472
79699
83584
90295
18095
73187
45085
96017
88626
93262
54071
50179
90586
35726
25251
49284
42741
90142
94472
88684
41866
21324
48642
31867
72833
77982
44310
44703
31344
90290
14845
54400
49353
30433
51108
12658
21871
89895
99488
14251
83184
17598
70564
79067
56281
72046
69389
18242
85117
31256
95613
77780
58930
40025
19466
17192
25901
10614
97596
68844
34596
89676
69625
37917
47794
44826
83600
48760
55526
72184
81578
50717
81947
15804
69834
21103
93748
12026
80217
45540
29502
15143
47446
76249
51302
61434
56768
33019
59970
94557
89690
89726
76779
24077
61583
90916
44602
30882
43063
52651
40542
41504
89764
77330
85119
85160
86159
25357
21077
56308
55633
27848
38718
42949
41310
26756
95140
23674
78310
25156
22816
88202
49101
54936
17220
91875
93083
82395
58166
17513
42531
29958
31706
88935
59586
50981
92251
21883
29407
61012
97646
35456
61504
59303
76141
25497
34137
16429
47741
44247
89592
40586
31969
31476
97866
39837
12206
76033
95913
71968
41346
55502
73966
93498
85573
66793
47440
85592
87120
45937
17502
87034
60246
62259
78600
19003
20566
37761
25268
30035
79633
24569
60376
59539
13252
69805
72482
34429
24758
66524
94782
42710
92323
40783
16052
74920
37790
28753
36892
77635
89591
96037
90323
16775
96303
65901
43526
12374
96592
26652
39059
74838
27652
97641
25424
14682
31735
36852
25879
37097
67371
43218
97063
97286
61789
58699
71341
36194
76304
10729
40761
11217
34094
22013
18226
96700
50800
71303
40285
89262
46606
41179
86380
12860
63303
37925
90671
66222
46191
36757
41656
19641
24497
14679
33488
18340
44588
42855
39855
17342
32624
47155
35834
20490
18497
90562
44203
46137
29591
88979
19999
72003
75285
55956
92903
51671
59565
89510
21015
28492
75109
48472
41397
65580
84391
64568
20626
54470
56939
64633
78581
82794
62170
51541
91888
51916
55894
84862
22852
84195
38368
21169
55413
16619
85780
15475
24449
83007
66975
23080
39954
42159
94815
90084
73059
20565
31490
39614
24241
54660
56535
42269
91462
90241
15826
87913
26886
29251
20779
20460
49903
24714
88554
57429
61620
52671
11996
31783
20043
36503
78821
24399
73941
31092
48727
57316
22487
35340
90773
41802
90678
23061
83043
19868
60652
27075
38539
95168
85095
81413
37742
52945
16236
61201
57965
91740
16686
83538
30827
61000
18953
27793
72996
13610
15931
71948
75127
74171
48806
79910
34744
21763
38854
52679
53174
61899
40252
34190
39674
14178
61725
66479
36634
68271
55508
69177
93363
25792
97504
95048
78698
25907
77397
58339
98032
36781
73135
79243
25228
58650
86861
68707
57564
91918
80639
35455
70570
19952
41503
92916
41258
68369
10116
22632
85006
19686
45274
73909
30031
20839
24885
70190
16695
65859
63910
68851
62410
36708
14631
57482
44386
38413
68904
39208
89505
81200
32483
48314
53512
24899
91288
76119
76649
75039
65949
32321
58222
77592
66695
39605
82112
35835
57254
20978
71108
41607
34147
15444
12571
46013
32758
26531
70801
64681
82891
87307
17253
57055
72516
24425
65794
85563
35501
54546
77447
83297
57906
51462
79589
89032
83177
26569
41446
76781
78654
36097
29183
85081
58835
26794
63199
83831
57886
15314
20850
32412
64013
42455
43654
34417
70743
74401
48158
90049
57935
75768
68312
17275
99945
86531
17609
41625
94246
17718
23553
30813
17712
44666
39873
60986
76975
20103
89806
43238
14024
30094
83618
50080
26780
55362
52135
50908
90709
46508
65398
96051
11988
97406
74856
91063
14129
55463
45042
42740
30947
59669
45189
16045
77565
63232
97955
86344
59545
12467
86850
94955
71601
93002
66600
97088
30658
80240
84737
79301
97749
58546
85130
28372
81431
13260
38441
43516
79304
64571
42996
72217
93089
24571
98075
61347
71915
20021
48970
33796
35145
48355
71706
83111
42106
88002
99470
93237
96889
41007
13210
78574
65200
43364
28422
35166
83271
67896
74825
62203
66660
17941
41791
24912
31884
13753
16272
31266
97432
16504
33073
56141
89705
71019
47151
80725
57091
50526
50952
46657
97099
93378
25635
57191
12850
29236
93417
40295
79155
53832
38227
99404
49495
85500
49337
35160
66407
76278
57182
38212
35948
57829
49199
31517
24920
47518
85147
28794
59961
15331
22282
71813
81381
46171
49958
12434
79552
52576
21626
15448
