997
82769
90240
67618
79966
37989
65220
61677
27985
60368
82599
90954
55759
61530
72904
33033
54647
36158
26412
44900
91981
13151
88631
80062
67684
17010
57109
28058
17679
79381
98201
14369
75820
68887
36798
31824
64265
79980
90655
39518
11625
18512
25389
80868
58155
35068
19823
22344
57073
27268
58471
20325
24401
83196
55114
13927
85707
67070
13289
77765
57155
98233
83798
46347
85919
61965
49015
58664
88630
35203
27043
91885
67772
81983
75170
80145
54275
41087
59137
12268
68489
20428
11937
51049
94251
28687
83908
47534
47164
26076
48442
93822
16120
75589
15109
30986
95255
89706
93665
90557
26086
41145
98078
35473
58615
40284
78735
58220
17392
82657
54340
92003
47423
33945
66201
39904
79540
85567
45846
38622
40703
25664
79879
99863
56154
87559
65691
17401
59502
17328
80066
47755
91220
93303
62081
41582
34270
50355
80381
95653
63246
95094
45431
24932
52084
80199
89835
32925
21748
86587
29173
83698
22410
11249
48332
68767
77477
41148
79650
23893
73936
18167
86384
55652
28012
28958
58509
57701
26911
68406
30640
82127
90545
34641
26368
18420
34217
35498
12467
41811
61986
96833
46018
20378
99269
49066
48611
98018
98106
20149
71768
23919
29379
59910
81163
86188
76114
38401
95492
31185
53837
40640
47132
48026
27760
49677
30075
81034
46814
82299
70687
47227
50664
79404
94236
61924
23722
66819
96263
87311
