997
11220
27432
76915
45699
75081
59967
49626
37365
66506
35110
84123
53755
40109
32283
11537
66124
85629
68703
32094
56369
75054
10321
40997
12038
85756
59585
81922
53691
28204
53687
21847
21771
64281
43315
66660
40414
73656
29857
35115
62723
41562
29249
27364
95393
37225
60045
41428
54200
69579
17057
95887
37350
86585
99638
49519
22912
90799
35766
60982
74871
15408
23004
34315
97464
90095
40095
12228
91419
31507
34532
87990
87812
92365
90336
79361
82394
54231
15664
40618
31303
69956
59757
75616
86143
25360
91222
46894
11234
49064
12987
25542
38392
95134
87303
81529
43568
98285
15241
22182
88192
56057
87149
56664
62899
54789
31557
77446
23169
82831
24496
15896
65455
44903
73396
77859
37353
37913
28537
12900
80406
31527
77717
20964
76820
75584
46525
88364
57636
19023
84762
12189
92378
95326
75340
91736
98341
13660
90038
85048
40233
58549
60528
37636
94461
96709
93918
48240
70042
55988
77892
80736
80094
83404
40540
35581
26158
91301
50476
40048
49672
29961
81114
98796
92769
29000
67061
76347
90084
73071
86218
41178
96902
28712
80127
29873
55515
27831
31349
74771
49896
18443
89345
57290
72444
16572
28655
80907
68061
56349
71875
10685
66109
29023
56871
44360
43761
56184
80861
39152
43521
28816
29670
41773
74300
43600
63394
20871
36219
34578
70846
38546
77714
11705
33090
23824
86451
73150
41010
13765
78105
94531
19100
37202
15121
12025
72069
65617
65594
99272
57833
78255
45824
48225
73008
87595
38334
89309
60698
76225
47942
57320
78016
38352
55995
90193
32997
36317
23400
82279
32016
84551
36973
75949
14364
22198
63039
78902
89233
28099
99979
17105
42336
76451
21661
77560
97677
11976
36391
41009
72551
59591
59485
31869
32195
26417
52134
31624
90706
32943
69127
78377
51417
71127
74393
97637
79193
42887
20516
59632
47960
23303
13512
82982
16407
60332
37345
29804
77247
63714
36054
88464
80851
31440
33688
10366
12876
52154
14544
36554
80260
21884
98629
44494
45374
24676
68092
30993
47261
49310
90827
75801
19553
32234
38377
96462
84437
42342
96900
99220
23365
70353
24816
88187
80428
81359
18482
67600
34730
25063
56327
47030
15594
16504
35480
45063
34250
67009
21454
19192
68233
97636
62743
88456
73576
23407
52588
99728
65151
95419
67544
59836
79575
25517
19366
35739
73796
92849
85866
22593
78831
35801
55437
86575
20340
32563
93277
16013
33531
65787
41643
74189
59568
19700
77524
85097
76461
79870
19546
29779
23902
70593
66975
16943
98359
92999
40752
25203
83173
94798
87143
69887
28489
67682
30978
11036
26113
19662
78908
80669
87982
95277
21546
76942
15354
38792
12457
24604
29219
34553
75029
60991
71948
77589
50268
74814
97240
94254
92278
37714
59419
83861
81315
67907
77048
17879
36536
29906
53145
70493
42007
67881
58429
72060
83764
71326
64716
10937
34173
48789
94935
15419
71226
68944
15546
19283
36777
23220
43640
68549
71000
55025
51126
74903
57669
17893
32579
34767
68794
99045
58506
64164
60167
79727
32057
57286
47684
19771
74244
64395
14953
71951
17892
49183
50979
65462
49898
10558
27044
55046
47379
98288
35951
14616
13550
78381
66595
84043
98347
70322
60380
99636
98798
52528
84984
87400
50415
34900
47316
23583
92331
63124
89827
32990
74848
55413
89667
80318
19903
21934
68680
85842
39509
44896
44329
63473
96386
22881
26624
66628
32854
95007
46927
37187
90789
76766
79525
78829
40634
38108
78115
54347
46969
13639
82808
19035
44924
39908
70544
39680
52890
33318
10048
37591
65338
84128
25767
90495
88176
86832
36101
36924
51740
28714
65517
74108
35677
23154
25923
58596
82617
68336
55983
97705
26082
98164
74178
33215
55563
71680
60980
60902
11830
78212
82519
72754
17499
28803
90960
51563
48579
96976
24399
75634
91008
68380
75512
85874
61049
16495
48146
13189
66065
10637
90938
49639
23173
63568
64892
49767
69142
25940
67552
98843
50975
92171
41567
50628
70674
85321
44569
75224
15584
67102
51110
58069
79735
19352
37697
71651
36611
15618
61918
26977
96439
49791
17573
96098
87807
67455
73194
68190
51644
75201
42767
48235
71364
46634
25313
62884
66492
25432
94092
32106
19389
38226
21560
25427
55532
56860
25110
76236
20010
61735
95345
57903
40208
42684
62231
93372
78558
59435
17601
12422
23591
13515
95864
11665
38773
64630
29918
43574
28072
21095
66556
38383
16201
70938
89458
96367
69947
25957
36524
52095
34857
41024
26833
31565
14119
60207
96424
11605
18093
69300
69957
42972
40184
50790
70462
49011
48787
32589
63534
11748
15842
47799
80710
23574
12396
97050
31592
40186
17590
59052
64312
77857
34772
74657
94243
41685
15680
79251
27783
93743
54584
39215
95291
15972
97163
23064
51665
77995
94771
62571
15059
16625
14245
74523
39262
68570
91598
23697
95035
62915
64961
53114
93343
30987
77491
98547
25354
54759
13999
24668
18309
53918
86489
40104
80837
30813
85972
49490
78598
42065
16691
85091
76545
74464
21162
85219
22435
55173
26481
57622
72238
24600
51397
61857
83583
61519
60555
52768
83213
97571
70985
37402
83946
41433
