997
96487
28528
93135
88973
25031
68656
98740
39788
57262
20982
70542
67643
30570
62291
18460
26353
38450
10500
73000
93072
39320
58675
97379
27849
53219
83681
32544
42191
93261
34626
54302
70735
36530
24899
57380
79385
96725
36344
20862
63342
81798
44819
56926
54434
36935
94610
78780
10150
26267
10610
96084
10329
12861
83200
31867
39719
87339
14137
31030
16844
50454
94187
33384
30459
11103
54248
64222
61438
98469
97422
20745
57641
14736
76538
65519
26362
52807
11299
33765
56962
14884
91212
53485
71811
67086
77097
83370
33480
19146
98260
91329
90666
89223
46964
94911
71932
22973
28280
40998
64680
16442
93192
95359
69350
60848
29290
46847
20589
36233
86007
22721
11079
99724
29736
28159
76848
21714
78040
53130
43735
63859
69355
43139
27248
68423
59999
77986
92389
87462
93677
57062
89944
31726
60665
86440
75807
19322
58307
59563
27226
30375
67452
21735
90955
73630
22796
64362
25441
90808
26277
70018
67671
44243
29192
11566
16003
87084
82072
66113
16788
34475
20829
33319
76737
24678
33889
49309
42737
48040
93346
31781
88675
48607
51736
64186
54085
59041
28225
82405
94492
47243
36158
58600
31248
67429
13576
67447
64386
41215
14423
45986
70838
25679
70861
96386
96539
12631
32987
64020
34709
36321
66308
76235
28405
18545
83035
59393
42392
58769
43577
99450
47628
86714
91425
36413
25194
14235
23364
82045
74614
17281
67071
73849
44602
44719
31443
27707
79137
28287
61832
33903
85804
81728
64085
49029
45723
92450
78348
37131
76341
35161
44590
31521
74322
96370
67903
93021
32345
25996
26461
57734
47449
53252
41145
40356
79097
39166
88952
38573
60229
23180
48514
99781
54538
23587
73900
28715
90245
77960
46762
91600
55933
46984
20974
47602
82935
55667
45259
46604
14362
36146
33738
67129
75865
30554
95710
84909
56678
65119
27964
79854
93912
56363
41331
50166
17265
59779
91771
77278
30959
99720
32029
49780
43463
57595
55010
51490
48893
48346
