997
13269
17544
60768
99357
45938
90528
67283
88181
38259
14462
71336
95724
50681
63317
11315
25117
55446
61045
50041
31559
21608
51194
25640
67996
58744
55818
33763
11896
65716
67772
74653
93273
99045
74760
93786
65499
48260
40259
77590
82169
72585
60136
58802
13669
67790
90792
50260
36866
45416
87787
96021
40545
37027
89074
74311
82818
87507
53711
67079
67068
56174
46987
77083
57264
95694
83620
36226
71039
91514
90316
37943
69999
62738
33844
28122
48718
74813
33651
32274
43713
37393
62301
95760
89565
51006
96348
56019
91528
58847
18957
94927
26326
47445
62703
28816
59887
49381
86769
44691
80002
86541
53990
34145
48952
62352
90896
70414
34213
65873
81782
31869
88642
49620
17251
12166
72302
31353
28153
66009
22055
80531
85644
76676
81702
33778
23752
95014
96098
72896
37004
13640
87891
51246
51640
54289
92421
65462
46964
44838
28329
85093
61774
83651
58275
79590
97690
19302
48744
32947
94549
67893
89683
96088
19163
71923
30240
13793
80343
29873
52187
90823
64549
78014
62620
72621
83664
14621
42176
72145
15630
94649
71970
44111
53523
31358
84940
23577
63303
33835
73396
83802
46504
32287
65986
63254
88476
23412
24872
93599
69202
63533
20406
92767
45700
18366
87255
22422
50923
47037
51115
62569
54754
72798
30470
17133
50328
99743
79794
99342
43879
99100
49943
80322
89170
62078
69139
24193
22104
21831
43101
17595
82565
25078
96704
26891
26602
65465
49909
85342
16200
26587
85887
79042
16671
69230
19140
85943
21660
84673
87817
96491
55433
75401
46357
68138
16870
50178
23715
23813
65139
38180
94470
33312
33104
78436
64539
59547
86054
87005
78712
37278
69069
47176
11580
76744
90783
43910
11123
69937
25178
66304
83274
60072
93690
25786
36891
36460
74874
26544
37733
87377
53252
72874
80831
63676
23262
31366
18279
31890
32671
91083
22958
75106
27398
87428
32878
36491
36829
24029
13600
89190
72832
52355
48016
95596
66013
56558
84043
49767
65835
50779
71761
22935
62084
73683
62304
19076
75525
71657
34874
90105
34665
97709
88545
76819
89862
26238
15053
94851
49272
62500
32230
66353
23005
70081
90389
14461
46536
81127
28365
79753
78631
64993
43324
65299
52238
20252
95526
78659
45001
69063
31425
64785
61603
15017
84942
21409
66709
15549
21566
51408
77200
74804
68798
47758
64400
60435
33672
46706
45875
68526
14520
39235
46350
73092
23950
58569
31627
65126
29064
26661
13489
62879
33117
38998
28491
55827
35869
82898
27734
10639
80027
88754
40747
82204
42171
54178
14656
