997
85344
39230
99243
47232
96742
56750
63854
93315
17091
50696
29220
37886
95870
67002
82803
58035
36256
79894
84340
63018
72191
43230
12588
17852
86015
23383
18075
70432
67095
42945
51741
79971
67411
27388
30674
24188
60255
25160
16534
40601
63417
50688
14553
98685
72213
45727
36101
49103
79743
61858
48211
95185
95304
11707
96093
18104
66706
49994
18295
17594
61166
59649
31353
86125
80250
98102
26303
53135
22049
99160
61734
66233
58044
41949
24703
61586
50742
74444
22040
37866
17201
11089
58804
24727
18596
72788
43960
41718
29199
44216
52338
96017
47469
78209
61190
80382
64657
13480
72302
10847
13810
43950
12962
64944
65799
36033
65674
44840
65597
68729
98625
67935
81687
78216
21607
78185
22924
13323
99065
98300
98937
64258
78452
86559
33108
26571
14056
27716
15035
19420
81358
90131
46385
23196
80569
12691
58219
29412
54791
39026
70417
81909
45676
14997
10172
85333
97691
97759
88611
27679
50370
95302
88321
65773
29464
34839
51966
56000
40290
19203
15587
77296
18991
92304
68792
38836
49256
55654
65156
48418
36392
11298
24291
24620
78220
67896
15096
65161
37617
75739
23686
82118
84528
80607
99874
86530
26162
71133
25440
73910
89654
89015
65861
73333
13176
85989
68551
11213
91345
60420
84591
60029
67900
65465
91877
90604
46735
12915
50141
67008
52991
21347
47758
76815
79367
36340
62525
84382
56361
29884
45483
12113
92536
20358
84809
44470
38995
37138
32767
31438
84455
85545
52787
45390
35639
31762
98079
38556
86545
81447
69586
30540
42448
88076
59647
24010
50260
94408
58301
10052
22232
62075
42566
38439
25983
80336
83764
47617
22965
21884
31845
60073
86022
83884
68479
83043
94414
56371
86729
73962
95471
13277
16197
92805
29900
21366
96354
83023
40191
25301
59796
16824
79046
62593
78319
40977
49336
92899
95266
15362
10189
16227
38428
31663
16912
45121
97241
99184
57359
90599
42350
41830
80182
97688
25686
19933
31926
19452
68174
75354
52339
52807
95627
34932
40346
24123
99764
24854
37974
21791
14201
89088
12719
80976
62056
50569
81250
71852
93272
22332
89137
74633
40079
75346
84623
47383
64375
61030
72745
27769
62643
46931
51045
48841
69608
41780
68379
75521
13050
17691
62341
65757
92388
36748
84678
62039
41934
63872
39227
28999
84616
44603
68583
26136
17029
58811
37959
75028
12179
37104
69294
55752
93285
25097
24901
16325
56797
42818
48361
91602
26366
20583
74066
38242
28409
39641
25043
85209
94230
37555
20677
31837
60780
90829
92272
25088
32339
11573
46384
64616
61493
41903
97978
87981
21659
18511
41223
34419
13443
78948
44239
83368
84184
81749
55042
89804
59506
53251
17730
68513
91571
13947
35120
30534
13174
64973
37804
84404
87813
39523
69118
95707
13431
39877
74389
39811
40493
63149
