997
99796
85443
70297
32068
88912
76928
37737
72164
74168
85030
66929
23441
17192
91531
15080
22590
49304
23951
12487
92026
21447
86958
64564
38855
55998
76984
13679
13597
29748
98283
70048
98142
33364
66576
71787
57563
78546
64846
15571
32912
87173
54451
91741
68701
10096
23437
77373
48084
89385
59736
66707
25600
50733
39278
46250
74581
65472
29066
83513
73370
80532
65854
94537
87318
95497
92988
29006
79783
88817
85487
10409
95864
59010
45599
99508
71650
63489
76187
45824
87930
20938
41312
49333
79940
59733
52771
64815
96674
59408
26539
54520
55273
90491
53809
49051
81929
43290
25123
80488
48322
40772
79022
13532
15875
18652
35558
64155
87198
22535
58327
62524
15229
93301
63693
78127
59076
56975
41013
98706
10044
66689
75421
30625
89066
47654
21871
92722
96439
28466
82323
71169
59290
27054
56969
12420
50216
60702
43208
58455
53375
44587
76607
27752
19575
65649
67991
55896
66745
16566
77667
72254
35588
30683
67621
91970
42948
27106
57370
29275
78730
60319
11138
47638
88550
51446
47753
13015
51217
65607
29808
39088
83960
87276
61057
18580
44740
49954
65626
44959
83285
25697
96676
12905
77577
12581
27136
44900
40261
41057
66513
67841
75974
91133
85257
57929
80664
79645
36249
79787
28899
28836
34242
29828
14863
79728
54174
93632
34113
36557
27147
83550
86641
25929
21678
81382
57465
57307
53630
84902
14479
87875
70952
97669
36942
26906
22113
25203
15658
39816
57314
84206
80482
94389
91901
74176
55272
20679
12421
33085
95846
21237
90370
23568
86111
68571
27218
91374
32010
78085
91266
79299
24656
96440
50838
54817
56247
73551
40855
31227
34339
87598
76586
75375
23377
96905
43725
12231
38662
97431
86355
85542
71374
35963
12618
84028
45648
10497
27410
72470
30931
47754
96649
74672
35758
64575
29412
44932
49776
32008
64789
47856
46071
69892
60857
99938
20022
25369
32519
52742
46226
45367
75207
92827
76283
18020
81700
42371
91720
45765
34854
15728
82768
80050
84279
47315
62925
94437
18175
12151
46669
58347
55282
33725
66378
35181
66780
49427
63795
25092
70220
58205
50304
51461
73075
79058
98181
17674
48126
69551
49286
37723
95977
85220
20680
96806
92855
93518
76620
71010
52613
77170
62749
50260
11636
10002
46638
10971
55823
