997
74973
87116
24363
40475
17598
58286
69185
43226
92532
74712
92796
42788
71174
28977
76854
70529
98849
91339
31118
84638
48117
39319
62474
30782
19548
91305
99028
94046
87924
68494
16365
32336
29902
37624
40110
14722
24695
61657
65234
60119
47379
77744
76251
71375
19801
77538
13430
52271
44948
12828
39906
98023
70775
52928
63911
24134
75527
87779
95866
17508
48139
57556
43280
48899
18830
40427
88483
33104
41673
65804
20668
42927
17750
66295
57146
13743
96654
31700
68140
71993
57653
28088
15122
48051
22884
65848
42923
39966
72859
80240
33828
72432
65108
41399
96057
15942
75843
68270
23255
26433
59133
20951
94884
72330
34443
92139
37822
83744
56591
64247
71345
40886
62582
83427
20922
90681
97107
19422
57947
52626
82043
82668
39347
45370
80968
84584
76810
85941
81449
91980
51676
55688
18077
13651
56076
68130
58553
76952
25241
26571
27349
89863
54995
48167
23538
48547
56444
72693
54555
46978
77519
71918
81278
71084
41448
50329
16323
92878
71113
18872
56724
86865
91439
50050
64367
77711
64997
29912
50723
94038
13607
85987
71858
81668
95351
29157
81391
14996
55493
23415
67453
89383
96105
86950
71850
58952
27705
54699
86425
31664
76431
72758
94903
97286
82993
76519
92398
39806
58168
73435
20390
18074
26270
75074
99016
64869
71058
15167
62772
42629
67204
33397
28865
74811
92687
96780
37946
44798
60898
42226
43047
95070
98077
15066
11594
30714
10391
36242
36320
27984
96904
75103
67159
83446
23289
93497
99291
46685
87255
91247
20223
18011
22057
56543
58051
90251
99511
78718
43267
42040
85582
13342
77763
51955
43398
36634
67134
25216
21713
10106
44857
47160
47818
69742
13748
94813
68305
26564
47127
85761
61120
14440
97664
25684
87568
36304
99440
32321
59082
80140
38839
13726
21520
17541
11512
13356
91540
40354
16408
75064
88694
92029
91910
47880
40079
71024
42722
75196
68109
69766
41323
28684
82208
63458
79666
58096
15278
65553
13152
20027
33734
58141
15483
23071
52580
98624
82834
52523
45177
86224
57294
93655
51717
68759
33945
82746
57139
64837
74227
96808
48353
89723
28457
67926
82943
66399
97678
83474
97232
37343
27712
78632
67394
54381
31840
51178
90735
93377
83971
21814
24315
49308
38223
67666
92807
95361
24820
86217
91933
82226
95621
21430
66771
21211
95944
79369
41734
91644
46725
87330
95321
97908
70988
37883
58987
44867
13044
64293
45906
10189
89770
14757
43023
67897
17837
39759
12898
37983
13361
72340
82877
63866
16019
78509
81603
49699
17485
65961
56768
39968
32686
97164
41419
82612
13106
82015
63107
38657
41318
58810
77976
51088
60704
28581
71966
99632
60803
44448
32457
34807
48153
67658
89269
57370
93323
62921
13834
90807
75834
50265
50655
18764
14056
55385
37229
11141
46190
88815
87310
57458
18370
57512
71608
41671
84629
94962
13800
76068
93182
54452
45013
61303
90448
98823
27459
44127
23636
36567
32982
80477
77428
17437
32267
70761
37400
42510
79023
64000
52286
68472
14443
40589
89599
92403
93795
50214
64352
68599
24298
21923
20945
98149
53968
66606
16376
92917
40786
44839
49174
36533
30011
15054
82793
14545
33020
23148
33261
89664
44944
21181
59623
35719
87065
47296
24169
14174
14336
86332
40060
68313
66402
22362
36755
82382
54535
74920
76463
74935
95981
82735
37312
15970
99442
64999
99519
90537
27644
36592
86508
82592
14920
78532
55375
76473
20271
35228
12662
90425
21587
27132
13373
56118
56866
25600
50911
82396
33780
63595
26295
44143
77684
75037
68042
94663
12172
52695
85577
46634
81996
47909
93081
10137
49352
44986
80727
34931
21097
48863
93350
45934
21079
85951
81961
61206
70781
40653
86822
40827
87121
79321
87596
20647
85316
73148
27395
82524
82905
88437
61433
97915
51239
43088
62031
61438
39074
67153
29965
77344
53637
98206
62602
24005
31138
33583
84998
23839
99854
32250
12217
62648
40852
68137
74224
68636
97431
70037
88081
63393
50165
59040
61426
36353
73448
92721
33737
78425
26694
82230
48478
37177
87013
75923
16502
89990
25133
27355
89762
50390
50117
27320
20597
52970
76347
20727
42007
37922
28218
10693
71537
33817
23349
32168
78852
74178
76821
69190
50271
32335
61052
13649
84796
13236
94594
61659
16527
45300
23340
96639
83195
59275
52052
23045
27289
64570
22077
57466
16923
68928
31246
33384
70261
76586
62063
14664
67012
62045
65231
67373
44578
62839
93390
53965
99109
22867
98875
16001
27260
13648
23079
16006
23283
39939
77613
13875
25238
68322
74976
20194
51589
30088
97842
58140
68375
47652
71699
76241
26195
70062
67046
74209
76924
40909
82153
25896
62013
34983
23548
38907
68757
90274
86249
71603
35178
93739
27978
27884
41680
