997
63231
55482
21386
23970
66387
36106
96938
80654
16728
94858
57213
70565
79671
73090
62427
19441
14774
34217
90884
63793
29299
81979
95210
43293
83553
49811
72214
94265
67960
12334
45134
80343
10467
66066
23189
47409
56353
76615
15779
32962
53804
74463
68928
66257
34755
47408
40832
29108
13157
58822
92058
62172
69007
77789
98041
82713
71147
88327
19821
96939
45970
30888
48586
43383
63761
18044
76229
51503
72636
45536
33637
64440
19749
90653
79223
60972
35968
34273
52324
91797
11643
45745
27414
85854
13933
32638
45169
68197
69854
62833
26640
70684
14615
73505
37426
65124
60928
21631
69862
54887
77136
26504
46896
23366
96759
53425
28436
46106
36493
92448
82578
77751
96228
82490
39141
25189
74192
38679
85320
24848
95128
23368
19880
70618
21149
40970
31155
42638
55337
42982
49859
56212
34524
31045
16484
29538
29596
89998
43430
10576
85526
53891
90384
69104
22733
87036
14990
67784
78926
80863
47614
22294
24326
60174
12511
86500
16324
68082
40637
94913
25572
80942
13234
99781
98710
38215
47354
37504
31565
26304
82751
54175
39298
14294
56186
77452
24715
59990
75713
35615
57664
48175
74612
50619
65897
76183
56136
44091
18153
75346
43484
45563
63653
71130
51859
81888
99099
48620
25247
32902
41686
17499
30843
66790
31475
38146
16543
96119
74106
75414
88415
64383
33966
99206
11839
24593
11874
66246
26402
84013
95567
48572
29876
43686
42739
91353
12434
57787
66844
41228
67641
96708
95081
12841
13959
95830
22319
44983
68573
99434
42868
68069
57403
98167
15930
40435
64178
53553
26067
19269
82608
21377
21105
53722
12911
63579
26296
13246
38917
65438
85635
45661
13979
11758
80308
16805
28177
14360
73466
37325
80367
11083
59091
26914
72114
25135
87106
27557
69181
73519
30178
77619
56613
39239
53315
77672
37370
71672
30539
57501
92190
10435
11618
20777
87985
94817
30415
76705
49797
96427
83631
12966
73866
78907
90537
63838
98145
62730
24806
50679
99358
54698
54798
93856
48698
51267
47630
74536
98271
74535
77264
71004
84955
80706
29050
33999
16299
76141
13630
63600
67682
46092
25268
86028
84556
73195
57907
58185
25754
86003
48712
60769
70311
79869
57849
75463
65241
52379
31294
93931
62748
94625
46604
55553
16623
80988
66437
88382
30831
34742
61477
44102
74453
75415
93076
25714
34459
51645
85168
37491
86342
73473
16859
49315
19376
55375
50202
97324
85460
31478
97649
72320
79791
57716
52419
64649
90652
87069
27675
47495
14567
25845
81305
66346
97322
86629
87015
14864
84379
96745
58095
66243
26454
84830
53950
92088
28014
61745
85898
16013
47196
10201
96786
22746
22134
36802
66380
42871
42155
64903
11134
66530
27955
80229
13815
55749
22500
57263
61419
12213
82322
49676
35427
55518
49518
63061
45529
33436
74016
39716
74724
58781
94914
56174
94530
27009
31941
28225
68747
95854
16902
65640
59512
33964
94103
59578
93094
18758
33558
81412
91815
86589
77983
38778
29845
81574
35203
95923
39624
23172
84998
40712
47887
95411
22368
87796
49338
85256
52409
14860
41579
82188
75368
94757
73970
76021
50072
87590
24575
86130
97429
78824
33406
63301
19228
33213
30571
27136
41394
92349
21890
49058
97599
19079
14927
97458
61191
60584
23025
78425
92047
74129
90016
37373
95692
94481
67387
86141
91234
84607
89955
99259
32926
89816
81245
60707
97822
86465
54897
69522
75903
13134
98037
11450
26830
73371
26803
38256
52639
93784
73870
76562
34603
83161
87328
11789
63722
97368
73241
18969
55964
35151
77521
80660
51548
11455
61678
42757
99853
98174
47305
56483
70800
43574
97034
26725
62227
78528
99089
88332
52520
43623
12864
69717
40910
87740
15699
93514
87182
56998
87314
65855
86832
72536
87449
37479
85818
85965
76796
10443
87288
44297
61882
73751
39458
50303
52236
84347
88241
29808
15883
44563
29747
67882
59460
39397
84024
61740
99251
39805
95803
74250
26939
15106
50099
77989
20363
27353
81697
61300
60011
58760
76692
36803
75973
76502
44014
91514
92026
21152
81372
56554
11184
71550
48093
61885
39143
94139
35809
40767
36055
84120
98457
75485
89763
91975
13858
12471
64056
53340
89313
18151
61048
91575
30528
15707
22454
10854
81625
29837
85321
27365
88571
33143
99675
71923
85927
67542
23666
83364
65991
45848
62795
47545
76853
32271
20283
81564
32466
76965
67118
40055
81210
93787
64839
77794
48148
82605
35356
31162
80915
18414
17517
13771
97978
11845
37786
79519
50429
39689
50446
75530
22385
12376
65504
87920
57465
84609
28253
94350
75241
51891
36577
40057
83946
87689
14104
21053
96942
44789
10255
77037
26703
85802
40295
92847
59472
89843
86433
64306
20197
44977
78218
57182
37990
49916
57692
37510
68863
38278
91702
32748
34849
80775
26085
76253
56776
39415
81690
79407
76704
92804
55057
90784
17164
98460
97229
