997
95790
46833
97249
85958
90769
85827
99428
64981
38526
42707
99969
67344
90800
23189
53509
10369
10430
46773
20519
67487
63749
70677
26455
45913
44818
21681
20992
57166
67055
41313
10042
44004
79234
33195
63597
56919
25884
67216
41721
50850
31013
12517
99446
26187
99183
93423
48147
62461
64985
80275
81558
74544
74470
26146
21823
80730
27777
65565
17341
92893
52318
50976
34649
54771
84675
46384
58707
82348
39637
59769
74075
79192
70440
57704
72795
43577
76842
15039
52512
43043
60710
15229
88204
84373
29877
55639
92015
68614
61583
28904
59893
27654
31263
40936
52691
92243
97374
71034
92085
52561
39748
63252
91406
23288
39719
45418
41907
20963
75807
74162
68797
12999
23734
64660
24229
59837
74918
52706
19927
44549
97634
24159
85831
39225
53575
23561
76682
37595
93995
85339
94283
32498
38120
89113
37255
60546
68524
33652
20039
49823
99728
62578
27745
32301
95067
46562
79760
62897
49521
26746
34682
75451
99199
41114
75065
15179
62167
94641
42217
85634
77631
26469
24940
35560
90583
37935
49826
54786
68198
32309
53288
97339
74821
29332
12138
11136
96536
88470
86846
69619
49576
41481
46389
55584
61362
67377
26885
79991
67975
44887
75526
88919
11215
18288
63582
83770
84670
27190
57224
76953
15721
69869
93587
34442
75723
40808
97856
50887
15658
34318
55236
59211
73510
11618
97851
23909
19868
23445
93275
63070
62481
50762
64843
19606
60024
46085
43911
44220
56143
83321
54471
15210
51643
26163
93136
65623
75209
90031
18981
83710
90426
14778
17046
78125
68010
99466
12398
12973
72537
79965
77254
69776
63678
41537
43171
38956
80657
17489
78853
19530
45866
76760
85374
63059
86431
61310
20225
54669
18803
35022
71778
47728
45823
60674
85843
59575
32015
63666
80391
76857
27425
66954
15881
18051
63040
75522
90587
73061
89639
41768
51564
67946
34016
66133
32917
65895
23381
43281
31339
22557
42063
52020
43570
74076
14100
28738
66281
77658
50918
98769
45172
78216
71653
98754
51154
43841
26757
28579
57233
52264
51203
68680
89371
72393
47831
73044
70345
55019
81501
12442
22550
54496
51549
52332
90159
16974
21672
78975
26369
12207
38141
76113
22455
50273
74849
64195
21881
66521
42122
69703
74759
64380
16697
92292
93499
63765
59999
13732
83897
98493
68814
95407
33041
15830
19869
76248
38202
93851
60704
44834
30218
98604
69562
81433
59910
91857
55490
60599
29304
23430
27400
53156
77879
83708
72803
36128
73089
39279
85793
84812
84207
11601
20070
64125
96788
53806
31186
65810
95380
77853
75279
10817
97097
97392
14143
63253
66059
20041
93904
61649
92578
87010
13074
53610
23938
62767
57901
66253
79129
28346
55146
99778
95767
15143
55955
60625
50736
23242
91861
71635
83880
93800
47535
28374
10110
19117
42074
37753
88277
70332
54222
83928
45702
48945
86619
84958
97257
99731
20616
82562
87024
94697
56226
63418
27277
51236
26925
79400
84935
69649
85691
29302
10423
56162
30522
56439
85390
84364
74786
52153
89882
64544
68635
30990
32728
29066
27723
26818
22856
60518
78230
20358
21780
22702
80864
30903
19777
47473
44936
68239
67475
76548
18403
18334
13025
60286
79822
87999
23801
39609
79229
37540
60856
50694
98881
38518
89576
95039
48980
86333
16580
15393
39310
62683
46031
30404
78889
69284
