997
93076
50048
58127
94329
43376
49849
70228
51735
75715
63996
38162
46113
48735
94085
71585
92157
36177
25448
66765
24225
30977
41665
83313
19696
92063
30939
62231
39628
15107
15641
86601
72128
14368
51426
70717
62194
34537
24481
94626
22025
60362
54933
13807
34066
82557
13100
33402
60391
78085
98985
35264
70638
70117
96758
70623
62139
96728
66018
89758
64597
48044
42146
70016
43181
16799
89483
66980
25633
11832
46419
82530
64090
95991
78006
81768
44404
57911
65923
10018
56641
57853
76108
40026
67475
28549
71330
33525
86127
92421
85717
25506
29652
13358
37140
93490
64620
68992
41731
81057
97903
36470
37600
16509
99683
39959
27954
79632
82834
89601
69005
35007
22644
34095
19952
52914
47779
53072
17822
77412
88940
67218
59264
93605
93184
54386
78224
52456
49401
45724
24756
80251
26903
94521
69081
94988
54478
59215
81623
12997
33027
81384
95710
79552
59291
89141
24648
38675
50110
45099
71697
65186
79416
62431
87810
72645
23882
79053
81619
27999
68444
49753
17703
15792
10710
38998
11155
86285
52678
98101
34176
45909
53651
69344
36934
31870
16127
11531
31622
65819
47427
70646
65183
15621
81332
11763
83655
90186
65154
39640
26652
58475
80848
60594
12875
19664
61974
66574
32949
20676
67526
67649
80320
30108
95649
84585
72842
45761
55910
80663
78062
88909
62938
52479
30388
75707
13047
59695
70543
70861
40908
59945
56432
38137
92377
38764
92389
45213
81853
24271
71872
58962
31324
53021
51056
52211
38195
59053
76863
40519
47002
31909
12802
29648
46953
22959
94591
68616
26616
74150
55418
77440
74865
88495
68162
26951
37390
10823
15372
18065
90399
71082
48876
70260
34553
50783
22771
35312
63637
40088
62710
26671
65569
58670
12649
30191
40176
43033
16359
50206
40267
85843
76055
46118
86469
96832
85739
30606
79275
46781
24286
92113
55894
55648
16121
69492
18185
14932
80113
77891
82412
56968
31447
33568
53416
16482
33167
74135
22072
32685
97421
25986
80086
65896
97032
27906
25798
45675
12966
24921
50885
84109
81825
71106
21487
84445
25613
52639
80033
10086
51433
24721
71481
74732
87772
20775
60933
39958
40030
24295
94990
27942
20021
70716
15426
66595
20168
15800
28997
87465
84255
62888
56084
28820
63246
68111
91633
73265
95104
64064
21343
44313
55064
35563
82865
38342
60691
90066
58031
67556
23441
85677
20382
24855
75858
80986
24266
77380
43602
85822
28991
43993
72921
81627
10570
84056
89309
53133
30406
41399
35598
49356
95882
71083
66035
28652
35580
42400
69360
67106
80375
57983
49918
82111
26440
19858
26810
31012
48265
66099
69145
50945
55456
82630
11689
12546
33480
66983
62435
11561
98827
38281
30100
80716
40803
18693
51070
63819
88149
63933
58882
16840
12126
28123
30530
21708
52838
57589
42862
78919
96320
33326
21416
81061
12409
24632
15853
36181
41515
31339
34194
68338
67330
94239
99087
92297
67550
46789
55267
68432
60074
83810
12381
57163
80489
42298
79953
50990
58590
29103
90426
33255
48144
22004
25282
98386
96590
42373
40605
36862
98901
77559
13485
25107
10796
18066
49957
30119
63387
76551
53419
55248
86406
24103
63448
13988
53041
78901
84182
94109
77800
70417
77217
68201
20407
98730
32969
50818
58780
36273
90069
33927
21075
38953
35458
95638
79193
70593
72997
81530
56461
16680
70309
21692
24012
63423
95452
73697
26913
61031
89616
42810
29613
91313
67285
71540
63822
11655
64118
81558
42576
55516
59085
19850
52270
54016
55415
78745
13615
86279
58611
75495
11415
59329
89537
19260
51708
17105
15239
62427
77600
40092
24515
12173
50046
19193
43874
40840
88392
27182
64165
47235
16951
40727
39327
80271
10857
93328
56093
16534
13537
74366
27878
84926
34998
64943
43080
31340
53726
38072
19606
52035
91852
47767
81116
59263
43303
51211
90684
25576
84848
97933
56557
11079
27062
12776
10157
26203
64410
12074
15572
12192
21339
30969
90345
32641
11795
65087
20901
65688
12029
11432
56234
17981
34161
91754
19519
65112
73190
28678
29073
35499
21959
93349
42665
22938
81402
52379
74747
12846
24608
24868
33105
97910
34625
69695
16371
45688
74159
34052
33539
54190
92452
50031
79245
81803
32880
72402
12713
63886
68553
68815
80312
50179
65596
62479
16250
54586
84012
80734
22969
69362
41039
57497
21499
37941
40063
93292
35477
85670
60033
56400
94573
51611
53001
82840
96282
55850
64881
43845
36261
62235
60503
42895
33772
21118
67808
35279
14161
30325
29079
33161
86317
15360
10218
61373
59614
15171
44960
31835
54621
75158
64401
50992
76955
48697
27192
85292
80222
31643
39856
81883
40189
20749
47298
86212
11147
94099
52815
68683
55576
62315
80880
65274
56734
33206
19675
70548
78932
10109
21507
10997
58975
49476
91889
24126
34865
74694
22543
20322
54510
93056
52301
88182
10939
30595
12457
55155
97272
80549
37069
41433
13916
41701
57752
48010
79216
65410
16587
67664
64259
60166
72877
90284
67637
64582
71423
38529
50210
21757
80509
32338
28373
39685
32930
78925
10887
30677
35686
81759
87487
51297
79942
17568
66894
54195
85431
16342
92658
99455
15773
69187
55435
72800
59481
86489
22977
73532
99740
92149
62107
98607
49661
13421
86010
33676
22760
61706
33817
42463
63848
73573
73006
66019
32474
43149
81101
99012
87632
15570
90994
28004
80995
17409
57436
41594
82960
71717
58080
90913
46918
67032
76085
20882
55413
61496
97104
91897
12285
88206
18278
22726
46035
40860
89751
65164
30523
26719
57750
14503
91065
70349
52500
75309
18483
71195
22433
36928
67578
38129
84524
94250
39843
72653
60006
51234
84623
88017
