997
65285
92022
10023
37119
35209
32479
92044
28840
45106
55242
14058
96965
18138
72670
63384
34434
91944
10306
48803
55072
62615
97260
80878
90012
74119
31732
65443
86757
32021
57363
76819
57792
79774
10690
72297
68329
41891
77478
51434
78107
65009
67083
62388
81498
67834
78456
74924
16853
39811
15135
63873
50787
10863
36041
45416
32369
66355
33661
27526
35171
38275
54156
50332
34347
39215
39775
36605
58209
91987
58109
74847
61847
60401
34033
12536
58079
90281
28373
50028
73421
32386
23028
38865
73715
65187
71126
62158
71931
82181
41408
47273
59886
76798
64513
65791
35885
44629
45174
81741
33384
88961
17028
98461
42949
71716
23201
93101
17601
41004
71516
71080
38234
95837
66297
96001
34831
88263
12950
76280
58889
50251
87253
76840
52090
78060
31910
29660
69024
33045
77525
81910
53647
14951
87428
56215
98835
27842
46819
78220
42190
18724
83515
97388
78822
94191
54575
88924
47944
70729
32090
42212
57257
44572
79094
83452
23899
57709
70626
15342
81324
26607
29079
36520
82559
94838
37817
18983
75294
47516
11457
13046
66337
42814
15975
37731
61702
28537
15357
22305
89742
29297
68951
55047
31213
26180
87245
75046
74567
20213
33593
86563
72896
39651
71883
95798
73647
82662
30715
30442
68972
35781
41210
31800
16547
46902
25206
80697
45488
16774
