997
69421
29328
55687
18870
61104
76721
87101
32079
63078
38479
95548
44015
30578
11673
81290
82329
38931
15558
48279
14973
70046
73058
13441
54823
94041
42511
21665
83130
58865
78512
14215
89627
28529
68182
58749
85785
70005
34242
56891
71697
37348
38154
95157
69997
53994
41819
62523
69414
19569
71010
93654
12075
86773
26701
39289
24992
17202
40975
34218
85618
16690
70815
72509
22912
15463
46691
24458
12638
12431
36736
55454
25169
70880
33267
21765
44301
34260
16944
25792
93043
57354
72131
24964
86891
63996
58224
21511
22200
17842
31782
88377
33909
67037
39266
15885
74992
49869
33625
53432
87931
57351
67393
70935
50460
76993
39423
39714
27777
62099
56427
95216
24619
16881
17681
97834
24694
57366
51029
93964
21611
17049
59406
42682
25109
52180
88242
50145
29384
58886
88076
76444
55300
73426
98625
16588
30761
31326
87500
35734
21468
83521
72396
72140
11732
48125
17393
51021
76485
87311
67249
14925
96011
30792
62208
60222
33675
24027
45207
49615
82682
47169
70078
19023
12541
82219
22473
11729
29723
80951
22658
50486
42563
23503
46227
80031
72868
38208
22763
34444
10420
84586
11446
66649
68801
43812
31250
51728
99845
27781
61439
24189
45785
65407
82669
71698
43155
47443
65615
17445
87521
27939
85642
88262
33628
26042
65826
40541
21935
10899
99926
68028
96790
72101
46061
67495
87457
12960
30926
10823
68592
58907
20272
28065
43281
14378
58915
89422
24823
92125
12174
25425
88318
96631
37651
51545
78199
65718
99395
96013
87590
19230
16102
76996
16309
40548
57708
13222
70768
41509
14319
31680
67359
68660
56063
75811
64628
70934
82088
61917
33762
40501
60611
12717
34771
52197
37858
16937
42925
94057
57808
88774
29932
94591
74461
74247
86073
45183
80257
25459
44088
87650
92788
44405
41177
24351
19883
11248
22320
67163
18039
87577
68149
90436
56841
88674
66560
30899
35889
32768
71943
68160
21540
38879
73129
54888
83954
65714
54748
25513
28271
98402
52778
69382
82540
48898
84397
74609
92860
13743
54608
60728
75998
75044
38523
97537
48010
77587
47852
25907
10015
38040
74147
82402
57021
81281
40379
39405
91548
89200
21759
83473
98087
24737
19720
77020
59537
96379
47230
44313
55342
62911
12106
74131
69448
26040
49162
26860
95728
56504
98465
27335
51502
94430
33651
95836
85322
94378
57352
18529
93153
52665
89800
92104
33237
29049
66408
22269
83850
78108
44984
53858
74910
20457
17357
31344
72104
32003
76079
26461
33206
66403
62939
37950
99731
68248
46948
83625
37037
61845
75684
15614
67656
25206
31338
33465
14190
28359
15392
47740
46464
30085
49309
70724
64415
40300
71732
30373
35158
52219
43313
79469
90932
98636
33077
60969
27321
20820
27290
82372
26450
50613
16486
56413
95828
77684
21236
60549
64300
56307
68704
52330
82671
95572
42984
77806
72411
43095
36972
23528
47805
50231
19733
68853
85850
38372
77877
68827
77681
18184
13571
94108
60129
66927
60089
60565
64916
19586
20527
72661
67997
38045
73164
22647
48042
39631
32053
56373
44787
61211
77485
59821
44049
72648
81651
88093
18240
61129
33106
89494
38725
33531
70271
69452
71093
60344
98460
70785
35028
33977
79410
87493
93402
10875
65642
51441
91233
45139
18985
23786
71574
15929
45367
20612
19368
42139
79775
19426
94455
90006
42963
30407
16896
44160
18924
96355
26594
18593
13872
88453
94873
76723
13183
26444
88573
70763
39734
93238
90358
15339
88061
74022
74462
77346
43926
32582
69694
98489
85470
99310
53672
96538
35151
55697
47709
42116
25410
13123
63967
45484
46086
46465
49164
79321
48228
99483
87331
52806
66713
71647
82581
27913
53580
42611
61170
84396
11966
56905
76684
31883
66652
32508
47210
61541
67136
39072
58037
13546
85894
38451
34958
66027
67487
33353
77559
40332
87649
56409
50404
81788
63650
14059
95369
61802
95304
96829
69096
18524
77471
43057
29316
81642
87811
78856
63333
16945
31337
44399
83313
53267
95365
91204
71633
75230
35125
78714
16915
75775
60067
24220
95760
29173
78528
28139
97282
22341
36921
83689
43800
33741
27399
99520
76859
13037
10401
20430
23023
47490
45570
50504
50675
19915
22903
53394
24317
51356
95680
99393
84438
17839
81864
31447
10396
86728
10073
63559
95563
26862
38021
20237
21263
61658
89962
29744
21376
50781
27965
89331
42519
86589
55895
42415
62206
87706
47843
83645
37809
43585
73586
37241
72938
36625
54905
89727
89643
99121
86283
28436
51246
24308
38821
18436
70133
61775
22706
48594
69147
36946
14443
10079
17290
97979
33719
25598
59150
20137
82746
28147
41672
44418
91043
25457
67196
95585
79017
60316
86132
20187
97822
99936
76983
41317
59302
56997
57268
19441
86704
56948
55469
51485
34578
93647
90658
37599
23004
98680
83833
84982
