997
71853
62091
70173
30799
53967
23661
50035
78315
91164
41104
87140
16236
33687
85520
98423
37299
32409
91477
92137
54775
77272
63338
14472
22067
60577
67075
97844
85141
61408
61666
33656
21137
40589
54138
23117
81708
78444
83108
62002
33221
31926
13152
48930
82135
82040
95735
50773
44102
89030
19508
37639
39333
51141
56969
29692
70744
89385
65985
34265
35921
75028
23627
79447
75488
80126
25254
85625
32061
41817
82944
99457
75643
56142
48660
14876
46872
25336
36690
56922
57527
46835
97777
10489
18161
74737
11934
35032
61536
51806
77407
41981
78123
40246
52774
93549
33428
26112
27166
57123
64321
98153
54919
96369
66091
26254
62059
36998
79888
57364
99172
97631
70907
28749
50949
43042
89355
35587
95633
84143
82794
24178
26066
84176
71827
90419
61362
16591
27008
51206
53559
75262
35557
58788
37247
35842
87539
71638
27235
76352
92504
82595
42018
72828
97683
96125
83291
37201
28954
56950
88323
51167
66861
67060
60968
69864
81604
27013
35363
36246
89051
23915
99120
31586
17474
19303
63558
25674
56736
78107
55109
46766
17689
37951
41631
57791
84530
26226
80629
16046
73631
90871
98725
52000
53638
66456
28153
55980
94458
86430
31634
90074
35983
82168
26131
69265
93448
74639
15162
42240
89089
66578
89497
82993
80233
34670
33492
24628
22942
18209
85884
93479
45609
33380
12541
32113
85333
29586
23617
84436
58652
55290
17500
54105
33700
80404
32769
16173
12924
25416
18005
29837
67578
68162
28237
79532
58141
93770
96027
69116
72399
98408
44465
53164
93839
69103
93350
95242
53959
93980
21999
11151
34728
95295
70684
71169
75244
13443
77823
58714
54886
64504
53491
54780
41475
96972
43567
66272
79681
74158
64501
55463
29161
48245
58470
64165
64749
16500
39444
76972
38609
50146
51106
32027
16300
53998
37814
42597
76227
62618
58265
35863
85212
26951
47329
58099
58337
36418
15196
26372
73569
97179
98903
93013
86213
32220
75917
25686
12527
24687
54134
56194
36681
69530
71974
22205
96949
96507
13649
94208
60212
77391
93607
98582
83809
49398
94203
64126
31844
93648
62412
45153
89602
44884
11077
52041
56681
49449
11784
61674
55438
78967
38310
79218
19630
22874
44791
59193
58845
86704
30656
61452
78959
24661
36919
55394
52944
37584
90088
90981
11110
19455
78239
37711
37902
16142
48538
92507
67316
90355
67506
29637
76052
78335
38338
23844
32019
45396
37267
67848
74601
14253
21536
16949
54828
62701
60612
58454
12645
50650
98052
24115
83983
24330
21195
91631
86316
47463
32628
95621
89580
27048
85136
54754
57311
22385
80706
59661
56819
