997
69126
18317
51741
40722
22125
36665
46805
12995
77296
56691
43469
60721
11340
50146
51598
63322
24525
37467
21768
79124
94266
79316
88867
42368
54270
93042
65338
20207
12465
89426
48703
73941
22442
17733
65375
63651
85234
73307
35637
66168
97906
26910
86585
41300
77763
27933
42095
98461
73580
39483
54653
27555
61315
71821
64352
77432
86068
52118
89840
95615
23583
79525
58176
83393
82960
61838
57398
40892
62504
47347
17409
72347
82892
97767
45584
60632
89617
87752
40390
65875
13624
79757
27771
37431
57039
80714
25224
45622
26978
45788
21072
72733
82618
34266
78049
32463
78788
28353
32725
73405
73120
62104
15781
93496
30471
82778
85309
19561
91790
70255
65264
45306
94132
96258
41887
99614
63588
68912
59013
98681
44211
16774
20035
18359
87078
55896
75252
95059
67303
23706
17457
67588
36877
59591
93088
86850
76042
71611
88399
96158
88744
54135
27717
74709
83521
49891
61620
62531
67339
31745
25092
45645
10295
96316
95271
16295
69572
94700
10483
75102
44616
69207
79957
80258
21016
16226
40809
55327
58152
23193
55946
69486
67421
41323
69481
61760
97939
83970
56987
15674
55029
77175
61668
92734
85110
29895
23825
13948
87152
39119
86536
21582
65028
60432
42067
82756
95609
95162
25235
49986
39370
12101
33686
91042
25857
15273
41580
59095
60998
31243
29050
49362
48445
88703
12209
60358
65714
58996
32382
54670
48918
55512
23420
29414
69584
52460
30633
56876
93603
47109
71514
91957
37221
91234
91390
12972
70721
21460
97903
66991
45867
42414
51903
67119
83535
18201
69070
77845
18790
48185
69261
96160
35697
15598
83968
73870
38849
79662
43775
44816
52365
82482
58376
69984
63354
74154
38338
62213
22582
59616
44214
72519
31938
22580
16648
52958
42073
59304
93590
51473
48151
32944
10872
65471
26890
98343
68471
88294
28707
48571
42690
29039
97033
84363
74444
22902
85791
25726
47502
