997
43145
45368
46960
24360
95241
49999
71875
91163
59137
25876
63119
83257
80381
38655
88771
20979
23259
76377
54097
75322
16917
69111
46571
40739
92447
82815
10815
43405
33843
95714
28961
78445
96834
56045
33823
77381
11051
22025
52591
30294
59536
48858
20139
51524
15950
48622
71913
46595
45571
32503
40829
23165
85590
50933
44633
60206
42095
35750
30254
48211
11058
29782
60860
98621
87017
91826
54780
59384
99372
59779
75400
78681
44790
92709
38189
55040
39873
64933
21848
12898
90412
51773
39203
74455
81559
87662
35110
63473
70360
26282
69644
40914
12269
70664
88480
68475
15713
18498
28145
89885
82515
35877
36131
41240
68134
71100
78909
18792
22330
26796
31996
21832
33695
72344
62192
89529
12100
30141
87835
71030
85213
53832
36331
84504
57445
98373
76519
15701
21964
16374
11386
32940
40617
16097
46396
69407
59377
46112
95673
86597
29631
64818
43449
85560
50778
39030
19100
91030
30639
99916
24265
71048
26178
20692
70180
22991
53986
72506
89546
16554
47802
95659
79853
61314
54590
17892
43562
54027
97494
86164
40665
53822
76784
34574
21162
78245
51716
19357
89491
19280
25250
63763
16707
87140
72135
12083
33168
77263
96171
99930
31056
66904
97360
62635
84424
45909
38470
90430
36318
57358
71905
36555
74551
87667
69012
21935
64642
19079
78618
64340
85854
49425
88595
99983
60459
94961
52941
26588
53984
45868
12365
69568
75133
20396
90113
99847
64741
95222
65360
20248
59018
21141
91405
80108
26163
46002
59982
69953
49094
18631
46955
67412
37803
43684
65071
28296
28484
15658
33464
10310
42187
32189
59340
47536
30070
75669
26248
97257
72729
99052
32719
32821
92636
23206
59974
58152
36002
45369
19857
65214
38280
14498
37778
91367
96958
60053
57550
78469
24502
62144
69598
47543
45722
88110
95540
93600
27275
43059
17598
28151
26371
97534
97840
60742
72483
84129
17026
41926
65469
51053
12960
84580
88423
27833
76121
21815
66364
25610
39870
99514
58659
49860
29521
81006
82416
79304
95563
36231
24655
95849
27991
65385
90559
44111
39158
15118
79864
20555
63037
25700
80424
69276
59103
33173
37002
12416
14393
55104
80218
98134
62470
23249
98852
37625
92180
55042
12042
17357
57876
26172
31976
44923
54022
56239
97177
85763
89083
51775
91660
22230
38467
96022
74626
35513
35268
47766
34085
78532
60629
63320
72669
88119
74156
20955
42462
37739
85962
42559
98688
37153
35692
31373
77396
67165
81672
21039
17301
26413
93697
98234
23631
31335
88420
22109
20529
98101
66684
71004
57682
25671
72393
15723
14881
82518
81894
51503
93976
32504
37079
24754
96435
24407
10651
30064
25155
72920
79942
16937
75044
18796
69120
18713
32634
46214
59508
50168
32772
54742
97981
23228
22144
11084
31466
32775
58117
68602
17042
54322
58559
48376
68054
77916
50712
37705
93847
44481
29087
14893
98973
26006
13304
44163
78088
36473
46947
40358
43328
34115
36771
27361
26240
22386
50012
16021
26192
52055
47512
49868
44574
97011
54459
60856
74277
35246
86797
35166
15501
50831
15117
73879
36749
19681
11210
28700
85885
34554
56953
44767
12370
25677
75057
70791
88479
31858
33213
13276
94639
92007
42108
12111
86577
15044
63698
67755
36643
40933
46315
46530
75744
16940
30776
76613
75091
33611
27216
17857
59691
18059
67735
72683
77291
28068
71378
13306
17363
61404
23865
84323
93553
26195
28006
65694
83562
52136
62237
13371
35192
69767
69189
51490
49878
67195
37643
97427
96697
55792
13690
51188
48384
92805
48389
43522
74452
86646
75655
35928
86772
17787
21220
41882
50333
39263
10711
35701
76212
59704
70743
44120
56385
75327
70223
49021
61072
10173
50397
61355
67406
16837
71666
51947
39024
58852
36793
82986
92768
85972
89611
26288
60746
32251
50109
67558
84696
54239
62167
77143
13658
39356
70578
19141
24557
72629
84029
21071
73165
72070
91633
24995
90000
55510
51205
96178
41213
15842
49533
20367
71705
45980
13311
17316
92438
49709
46919
19069
32710
43694
17322
46706
97801
30909
79248
69654
45519
85730
16711
37515
12009
31547
13341
45670
30660
57795
49254
23285
93101
51273
88264
49227
12876
78159
66493
96137
65433
92785
31000
68892
49154
29763
99230
59677
66907
11261
35160
75891
71759
87529
30080
65847
36251
54672
50488
27130
94868
83550
15222
69402
36245
71397
74773
46298
81537
71326
42016
55202
76787
89259
11917
61906
57123
20373
51962
68357
57335
79286
79322
33659
78078
42012
60523
66706
35996
66509
18243
18046
40915
72775
67631
75681
18136
62452
94935
49509
70760
95401
59090
13679
98842
57457
48379
19181
75920
28168
57293
34159
77199
66909
63564
29332
11391
73377
10256
56039
17468
27993
93011
94734
98475
86162
75708
41064
31788
53138
60567
22946
93619
61515
73382
65685
42436
56379
51418
17011
89176
24277
96742
97540
30431
56463
80527
60460
45430
84176
52486
13447
24417
33256
70505
37573
58983
57869
72907
61244
35356
20740
32375
15681
21812
87816
11178
95629
76373
48172
13819
91703
74527
87985
96000
79700
93363
50465
64897
37425
79223
27772
43322
77525
72441
60983
53498
97918
28366
52126
87108
71091
23591
29864
35112
