997
12899
52731
47352
43792
55673
46862
91263
31563
90205
70625
32868
93364
12245
44248
77552
56858
97389
77671
61510
98151
53236
57712
43740
73311
80636
45715
78105
95415
94665
60266
31833
46420
51718
35534
58480
23413
79108
34459
44696
23103
17212
17630
90730
58505
30013
72998
90366
44087
44002
31887
75010
66995
49764
74815
79453
23346
18750
84899
63240
29297
52921
26465
18141
47260
89440
89055
47748
95186
25334
38008
20569
57461
76117
87955
97579
71701
93610
97474
64726
47764
31197
30939
48615
21625
10116
76039
50817
12673
61841
84144
77482
58769
44760
50845
64711
36634
55150
52953
16416
91942
24357
75501
58569
44892
78615
93743
33026
85327
31621
83403
32979
33522
39896
49390
42477
23080
77616
45015
79737
17719
56667
10476
27267
10872
43077
49184
62152
91789
96705
96884
41909
97945
15323
21766
33413
34200
47320
26594
98983
58537
84709
73821
63436
61508
31626
70981
82640
15300
71410
24331
93560
10752
80686
55189
25291
18902
47007
32500
16862
62631
24626
17144
64342
82914
84153
27081
30108
52455
96191
95191
20531
71468
95718
69377
44275
68366
84757
39975
88116
32408
28623
24832
23963
54885
61698
29865
65989
23447
22952
40993
35807
79408
37167
22337
48255
46301
85032
91408
92225
11462
24333
60331
62244
80187
10870
41623
42917
72059
88479
69910
34049
24267
69702
55642
84590
43562
64632
68354
21568
49467
82290
17489
80355
53190
86647
49403
53380
30685
98725
58304
14320
12179
42379
53273
14844
10692
46266
27552
49087
10280
21547
41999
98686
20533
49005
81005
38384
72794
56833
61586
79353
73525
14190
16649
33785
70621
76590
84556
49598
63614
34214
74075
43783
87746
39476
24880
90573
54331
64828
93294
89252
15210
57606
40000
47865
41719
20285
28953
78954
84438
97324
74336
19342
65120
15451
85214
18344
25192
68785
60391
39216
31910
40743
25810
93627
47800
66014
33420
86733
87329
65772
78676
74710
13600
63172
96754
26104
84611
64727
39109
16701
28861
90976
52573
23156
42202
41928
81062
84992
49926
66395
39677
95488
86206
71579
98752
21805
34770
53599
