997
57363
64508
97039
61608
61926
10056
35635
65525
60778
88450
68577
27082
13841
28198
89593
75067
70447
92650
84788
15072
76655
22208
55690
56292
11585
37816
67904
52614
38275
49155
77352
29260
45747
15308
98440
82717
49350
56817
46883
51965
88306
66328
20405
33529
12746
61687
80946
92614
92945
66032
99406
13630
26547
33008
35927
96405
85974
37396
14277
55811
19225
83293
20708
48709
96537
72485
24913
92453
13087
83236
44089
45467
62440
34615
17996
62894
80603
37251
93007
24828
85381
49742
28562
26664
15276
59810
36857
97442
31691
49641
43140
13137
61756
50902
68499
26718
52783
75870
75752
44061
98384
86777
63204
67086
37226
11269
37413
20904
85051
73336
29731
84348
60913
10792
54824
60347
46976
74382
75096
11669
86285
53306
67643
14025
92727
57506
33135
22796
43785
51075
27674
87302
59778
39405
72298
64444
32573
28068
88830
73627
21509
95824
54102
67339
29600
78449
99695
50575
33822
67851
85380
34851
92563
58322
62522
52666
40027
85285
95163
22203
83121
45447
39262
37272
59089
96285
53867
30555
58127
93106
97128
34641
59591
99124
99597
56317
41264
22010
23659
79900
90543
61949
29179
19624
76924
15782
63279
70336
37602
82982
60631
45125
78252
27569
17758
77157
33945
63529
67729
53946
89014
77760
65049
40265
27859
70561
52086
47793
17961
59612
55725
96194
39643
26850
31770
65563
24180
23902
48498
38861
52546
24271
33354
90475
21325
77487
74934
37610
88966
76620
41898
94513
44971
80901
60816
88890
55423
52566
34256
30777
34147
28138
21458
32123
26514
42065
14892
56742
62251
65427
90525
47275
68905
88007
38085
26559
52394
47227
95787
59627
80562
47253
75046
41996
58956
14141
95185
13486
17862
85846
97067
21973
27222
31515
24708
86657
72955
67842
59472
17345
96275
62205
26814
73703
85503
74687
24347
45618
56741
95498
53849
69367
85994
39074
40793
15837
10810
48756
44735
28826
90486
16646
25053
84983
78457
63789
96827
89046
20454
84775
98343
90630
10773
85276
11568
50244
31988
69615
97456
78103
49782
34783
74294
13964
42126
50215
33536
37650
12538
89587
99152
81899
41531
88810
21464
34956
40140
57215
91801
94549
51317
77426
92059
34885
91579
84947
98360
74666
88031
43928
93012
84055
67037
68419
76431
12452
38455
85837
53628
25477
70719
57829
24966
35541
77372
80972
57155
32283
61233
73720
84692
47553
21054
44794
91173
51638
55028
90095
56402
94326
72798
51610
22415
25359
58289
66236
41043
80338
90592
69385
80215
11641
29708
51824
85995
40080
17041
20171
25449
75920
94317
20371
12161
50211
11651
21312
25354
47556
76434
14061
27609
16908
63191
63356
75755
56171
90829
33398
12770
72057
25228
21091
81062
30211
38897
65515
50813
19853
15925
86987
77016
69020
97164
31720
36500
22318
44993
75726
66425
11451
65352
18593
38792
47673
31634
57926
25633
61682
36604
94257
43026
51255
55402
15727
10697
45606
27211
78818
33434
77464
20183
43445
43511
44683
13694
20397
34207
25711
87850
61875
53647
76358
39947
87426
12880
41857
79706
74782
91253
99338
90052
56581
86896
95378
98246
12500
65741
58712
50448
72042
68163
72500
18022
76263
21234
28388
79189
21043
54396
40053
75299
70114
12098
39056
54078
12383
86681
25060
82361
17703
65643
97942
24174
45309
12752
59930
28248
56314
25692
97088
74931
69983
88131
75215
23119
21864
76132
50627
78322
84353
43126
35370
84079
23873
46333
47730
47291
28350
32394
68751
31169
53385
72220
16062
22824
21499
40592
42749
56967
90949
15411
57638
15485
30091
97770
14663
32458
11913
65155
88086
73911
29329
91892
35312
79071
46861
51784
88778
91744
99814
47106
55092
13845
61921
48104
68954
39461
45703
88149
16164
36487
91408
22878
67878
11919
42884
91671
65134
13656
63136
91360
69954
87053
70597
61235
60124
53045
61857
26191
79185
65618
49748
88884
84404
18452
61782
72172
12947
98398
32995
67161
53474
99279
77488
91819
61783
62828
33034
61787
74282
13771
29913
31145
49679
80172
57578
89444
50529
46005
79577
80271
53072
26378
92057
26717
51853
38657
99457
32432
66656
81637
81874
65080
89502
25196
80252
73855
62071
22061
65605
73329
15714
43668
84260
53923
53469
86327
49094
40038
20631
47724
36078
46569
83817
96348
27975
34870
18665
32690
40103
47747
81998
65589
91075
32792
70997
52555
45495
73585
54536
49131
15120
18235
69451
61300
33939
96384
12462
67150
91009
75659
87785
48206
78707
35906
15004
94862
78330
97362
88124
53613
39937
16936
59416
35692
29287
76467
54725
14862
58113
95069
57812
19775
57240
73145
93301
23112
92227
32708
87013
57081
43008
84625
36286
53323
54087
85434
