997
93820
16405
50499
81119
81549
79566
70259
97723
94275
53855
96436
92724
11890
69318
13341
55828
96944
49123
88186
90880
77037
48244
30689
10244
96240
26556
51718
41794
55102
22034
72060
60597
37293
98284
18229
38738
99953
25492
11241
87635
74385
40846
13855
69489
31934
57488
46748
39060
20046
67523
24707
58444
84621
20197
28953
61603
64877
23811
59451
94552
87418
66108
87117
98800
56031
65156
50191
57189
36531
31668
38531
15234
47525
93422
23703
88996
10397
59803
86113
30153
22904
68782
14836
14130
23279
28505
50260
71525
40622
16306
14072
11829
12714
75209
23013
14276
31454
40109
73257
86313
66382
44684
65678
47724
24317
82559
73288
51490
79690
23146
15377
38753
15811
45123
91261
67954
38277
87068
20697
14323
24112
22645
72306
50206
46528
75968
84698
90657
97360
66189
53426
42117
25336
79044
87001
90653
14197
32130
42103
53735
49695
47486
11613
68259
11692
63009
91964
52135
96431
15737
74335
39570
98811
88522
20680
57622
99266
41953
52257
27528
52301
29626
27706
67594
95226
28685
22959
20213
69159
99658
66726
41183
56194
80331
21969
41881
87006
65990
66496
64264
30126
48650
94685
90058
79408
19983
31475
49205
31514
71511
34194
68465
10265
91002
36326
30405
66479
90425
12878
96734
86977
31673
23785
14588
35991
95805
86488
95347
78401
48433
20131
57273
76604
63711
69818
12951
16105
73127
57443
47940
14177
38690
81025
69175
75912
97755
40501
71928
78707
70852
89326
46160
99143
85813
81239
63816
26777
19933
91679
76341
59727
50454
67843
89939
13139
31847
87608
33153
48058
43652
59517
77343
79143
64975
54108
86012
49106
25938
69491
78519
35430
38359
22304
94844
21983
26065
85584
79719
98094
24548
35157
39255
83018
70859
19455
78198
29642
71218
12151
90708
37956
54514
64577
20539
38776
19448
50134
86549
78034
60955
17167
60542
91825
85834
53788
49997
17443
45147
24681
49806
36626
61442
39737
59774
85113
23625
98696
25006
99372
71969
21661
17971
43379
23313
70765
53102
35759
93299
62102
84428
17731
58966
66056
87495
45344
19181
53349
97259
79090
81467
72551
86790
15068
93280
85897
77522
44707
13291
71258
63036
60108
65257
29499
64262
37128
57483
84469
10383
39945
91104
33432
99032
87934
36702
41616
11917
53180
88427
73383
83821
58448
46594
39362
58332
38944
73243
95829
86341
47199
14832
11830
58529
37989
24987
86340
85776
62069
55692
53196
49142
22722
70851
85203
45316
70454
66741
14602
38671
27554
19359
47072
23426
34713
28678
63498
51226
59323
61876
45852
39188
55349
51902
49276
26760
95385
72191
37772
29060
29869
34696
39800
81022
46645
41758
92837
82279
49604
51524
36449
78690
15648
51986
76273
87451
36615
95009
39408
37682
24469
94131
40493
86499
17968
55784
85592
70886
74703
79187
85703
39126
63454
55013
25399
83854
36945
68163
49652
65083
45879
20685
91761
50950
30595
70427
20170
33950
75346
74706
64950
72718
14198
70895
71409
73141
40151
38507
94770
55134
35700
23476
17120
85667
51225
43826
74591
96407
45318
50055
68906
46056
63682
34880
99884
49430
55553
42798
28489
20832
90726
46466
60583
66628
97176
65422
73292
63980
21502
74465
25315
52420
35650
67696
13961
55991
28320
74070
22180
34443
23610
69224
46436
28999
69137
90697
10051
81660
85691
64743
99029
10400
40525
64167
16808
72997
67962
82371
13348
34497
23469
71249
40293
85158
99066
78458
31231
75256
12546
85697
69162
73172
24411
50363
92386
30070
83033
94208
68439
89932
76990
35655
54135
30357
83297
51824
12541
44810
59462
72250
64967
21962
69569
75109
89788
78557
39297
76397
41082
82834
88372
51679
49881
55374
22388
22660
96643
62182
17073
65777
84091
68398
51776
18902
47088
50156
76822
11603
13420
72611
86912
62041
54157
60799
68577
80198
46237
93065
41398
57783
93511
72521
42884
86019
94323
60453
28107
23207
78135
57538
78468
92981
13873
27972
91528
53989
89205
32584
12996
78174
75418
64010
36115
18423
85095
58401
92251
74056
81878
40099
54195
80210
77143
18375
51112
63077
24810
28089
58544
48845
51967
16840
83578
26243
66465
58376
41041
10589
66195
97957
88143
89960
76214
97642
47133
56047
90601
92692
81213
77000
51356
18735
93863
60613
15831
47767
12325
21808
93325
35690
24886
20327
29561
80659
60870
37672
80270
24498
49316
59412
16143
85167
98619
58165
96899
35308
22393
93217
43519
64982
72684
93096
42784
33630
51420
76015
83177
75565
86237
60001
56033
81681
55747
54123
50535
35034
45217
73411
76646
11543
82146
69837
17578
87134
91325
31797
34317
72422
10541
98736
72540
64721
31642
94094
55168
10910
20596
74708
44961
23775
65602
93200
84952
71157
91855
79785
34480
54661
70020
76446
63834
68828
60439
83750
75618
95668
13875
66882
57151
97304
67822
17656
58895
10402
48599
91915
78109
76091
28012
34077
46100
87987
59117
32608
25654
15260
67109
48923
37932
72969
85037
34097
18365
70159
87875
32305
13419
88181
52119
37774
60835
46197
38319
34972
70711
11054
23461
35908
21315
90031
67744
29441
85514
13468
62731
12662
41839
74159
95321
62620
36601
97173
90798
76100
74935
95441
28514
74158
87899
92019
80464
32831
77495
55954
38115
88700
78094
14268
96245
28431
59938
19154
46626
53518
72127
63011
40154
58910
29484
60471
91876
34133
51317
55125
91240
73137
18654
14655
80580
57190
32700
66247
62044
87285
65345
80965
34476
65546
25388
40840
96405
48780
52952
17487
38666
73081
55781
84493
70247
