997
72544
13139
85660
72143
52157
70732
46991
19058
39450
77133
13094
45916
46013
30234
71168
49163
81013
85993
58795
78354
72594
78825
97903
92357
98193
14917
66545
34612
65915
99996
40681
51286
39005
32256
81578
57995
91015
43922
82989
18653
86782
54656
91141
81837
65312
88476
70360
61142
72997
19158
59222
19448
45121
41242
63394
13813
48522
75612
33309
19715
81663
16648
49414
29831
63697
43380
17468
16195
81616
11547
71954
65113
73347
63903
19844
43998
26412
99776
63696
97941
95549
99522
74934
58429
12513
34404
86305
92890
42037
49581
27268
72041
18789
55988
81579
47099
29824
19198
53896
85040
36148
80380
37194
98795
62899
10580
60952
30603
89763
38616
44734
85173
39092
20777
55043
11268
60190
70027
69919
25294
90052
70411
11724
55077
61291
73882
53123
29761
99012
37281
65141
34377
77064
92186
29084
40028
53080
13329
60821
20890
41125
71907
22132
94450
16639
22510
89648
15458
71027
43319
31949
52818
24140
22117
27829
80463
92311
83137
35249
18016
83034
30773
33008
28903
56847
20153
57602
36447
58653
11534
17801
39927
41287
60865
93092
17689
69579
34142
32809
66961
76481
52845
34866
52816
52476
45809
66584
16449
57525
28145
93416
38813
93056
25899
24439
15088
11127
58219
11177
57057
68021
63885
65839
54854
49772
78975
83684
42780
47842
35185
31286
45098
53532
51978
28446
66424
67248
64162
13311
44215
57785
74361
14034
64965
22847
21649
72848
71177
14680
98291
99471
32203
58876
86420
68872
57439
53664
44561
30307
24048
53709
28188
22351
75609
38217
39576
65875
57188
19622
34405
62584
97708
70592
59168
76976
77993
10344
98125
88836
34293
70903
29609
49333
22704
30654
72688
61193
33524
45044
31594
47381
83066
25636
93129
28650
24464
51964
53057
63957
25787
67701
38144
50918
34291
23811
50941
12723
69599
24397
55689
35803
93033
67934
36830
38171
71649
75781
25276
65467
72937
76934
48755
17865
96854
18155
57109
94198
47446
38205
39409
42984
25863
40988
20402
81742
36874
15503
38081
34769
31749
22621
82216
78706
83547
72003
20118
40320
29324
18166
44511
89946
45999
31503
34346
34530
53878
11382
69415
82827
47154
39779
26443
91421
36294
34758
28981
45725
40776
12813
32695
68548
94336
69882
50554
30539
26904
25446
84252
12797
19574
17967
81851
51907
54935
25208
16801
11775
11335
34087
57056
38095
61681
77190
22341
35778
63880
70430
31944
46617
48441
17485
31216
76662
74652
87063
73528
36969
34344
20473
42255
64718
49859
78917
96111
51329
72242
70723
12467
91980
18315
23806
74519
19696
84687
72179
27306
12485
53086
85046
47868
37163
68030
13281
89539
46256
99991
88849
55360
54394
31758
55845
42474
42393
80419
67678
90439
69255
40188
30440
41846
57670
90633
24966
72824
20051
19764
28106
90521
75882
88389
36345
98741
99479
15037
35941
40657
43594
78373
78763
18890
90960
96675
71344
46629
70000
23926
45101
36434
55505
50644
65098
71057
71985
27514
93536
23137
22018
66583
31214
26851
97546
87804
50580
45927
64074
49499
62207
58458
17322
14797
97967
46168
68939
31410
71632
62319
64243
76959
81481
35108
60201
24615
63732
95822
92964
22541
93245
22359
19603
21182
96021
96623
78777
53823
64743
33681
82800
79752
75600
55704
84063
90791
97407
17362
85407
63800
51608
59467
84933
79938
62957
19164
77166
37318
12248
25511
27608
12767
78318
14997
91024
39520
30319
39622
72098
93023
61667
43032
98618
82837
72767
73740
88980
73207
60464
41758
40653
72804
37823
26877
36442
96435
46296
29736
91957
38083
12747
54611
55488
74713
51603
42760
87780
37345
88391
22523
88412
14719
51938
36113
85268
97828
20972
26046
11053
23795
14248
44623
26925
65187
91345
17314
41895
32504
88008
29411
44403
35691
62091
95696
73414
52978
13112
57149
88406
92880
65926
19735
70826
40086
96581
54076
21475
16788
14608
79514
37463
14833
68648
36180
87646
34329
22537
52781
27979
46625
50456
70279
33956
20813
93841
77096
33450
62483
30933
92353
53105
81495
43303
10789
33795
70933
36278
16205
19464
27332
34567
48541
28468
24528
69263
28523
57658
26364
37401
94431
52004
31802
92583
44911
33800
27908
66776
96203
15853
90570
32155
64409
33461
64781
39588
39766
29592
22712
71363
69444
34086
81136
59554
62915
28586
75108
64583
43504
37470
97437
31658
81468
93409
70599
20930
77565
53409
13653
17830
33228
11137
67761
47977
96262
91332
27010
88689
82393
31937
99551
81331
55980
42594
10807
69894
24217
56290
60343
83790
39209
27902
45587
59142
58070
61587
72584
37253
51377
69998
38842
86389
86938
13055
55338
24920
93555
81805
75279
51506
21558
80330
34996
51632
26045
51334
21701
72054
36206
44744
11008
74570
28575
60389
62279
66378
38547
56970
31250
68393
11557
54888
24455
85459
60228
66465
75623
39787
30351
58861
36545
31793
42072
77732
31535
50652
28038
78345
36349
47205
56653
68971
