997
85459
26058
68427
70685
16643
38932
62894
98247
35272
78113
38064
96230
75109
51792
61477
49155
49897
95651
94575
39686
94154
97517
84393
96992
64911
40688
69946
39615
35695
72339
29260
48736
65913
23237
69256
84156
29154
37445
58487
58236
87004
41464
20536
19808
97865
91750
18901
41542
53175
22428
40342
38419
69483
34944
34961
36090
91645
14541
80292
88919
99437
99154
82970
82769
41912
59519
75801
66964
70814
74136
63199
91659
20421
13923
93735
59506
38690
12969
45175
41775
64097
43047
76149
45726
26171
45115
14636
69106
67807
70057
24101
89047
20091
13660
55394
75933
25223
23745
79884
11865
38657
80467
18076
95348
41306
49027
83642
59943
27776
74046
96343
70298
30885
45411
94076
95821
17338
47097
27224
29560
11575
54558
76377
29022
39607
67206
45716
35905
95452
14842
80207
11662
28496
23369
93139
18849
84184
11661
99288
86128
98217
36654
82271
42458
81396
65188
25233
49340
92201
75119
66966
16450
12262
96761
36164
24681
53393
39445
12114
49397
81034
52641
73592
95737
72711
27310
83216
60891
66461
68519
54184
26027
64524
47223
22593
55092
44908
93573
50410
24959
66782
11489
36616
87702
24586
51388
24237
64165
41106
39740
21266
49712
38331
74855
37628
84262
28044
79758
10024
19454
10715
84556
72002
59719
18728
24252
59938
16930
24902
83520
72961
20851
97101
43097
62307
47887
11175
86765
96106
70432
47167
14070
92583
21713
12085
91514
99279
94482
63111
35758
57722
64023
90674
89345
30037
24024
98146
46843
85717
59347
72346
63393
65065
68567
67234
41299
39793
91219
27386
61753
21316
13090
90324
32354
53452
97452
36257
43845
41523
26274
21680
83685
27317
44244
16515
35065
21137
86623
96486
53622
89012
58394
18003
11936
50441
27479
17003
86524
83230
26954
39705
39165
85028
41590
12148
94806
81358
68473
12902
60895
87988
62838
24250
30619
12653
43623
16184
90235
20662
42250
54018
90723
99272
35722
18716
29039
59230
10117
81346
50758
67526
14545
37644
73803
22973
17348
20217
93081
62970
40910
47528
74017
60774
23488
61381
92164
94778
96459
50756
22010
82512
93744
39043
77569
93598
61121
25287
66630
12758
82034
71265
85801
16473
91695
61883
23642
97434
60467
44036
67803
35726
49789
74134
33093
53295
67368
55627
98818
74249
89210
43456
82655
14049
71724
71398
71740
58341
66446
56045
91434
10944
32660
36328
61786
38423
63480
11048
61351
23710
66870
61358
26121
98348
23833
54174
84462
80622
90366
75211
98724
96477
84513
38016
45423
17925
99623
36766
44195
74182
29454
72698
23782
27823
53479
60826
53354
47579
95770
49116
86060
42956
40503
91690
43904
58965
24658
43509
75797
35445
92624
82061
94329
89043
93570
54567
25682
13602
15664
89481
88082
65136
40911
89888
50417
22680
34559
76405
75155
14059
15872
83639
75410
84927
63262
86137
57058
93566
85429
58555
71895
90634
82959
43061
11959
52187
68162
36378
95527
94983
32613
55142
83638
87572
84354
77039
53399
76746
85672
41562
28015
36142
15191
68048
36556
36796
26950
50419
50619
91515
78440
44766
95104
30246
12392
95035
85249
76955
76305
37224
63425
52107
61281
58921
80966
72392
10356
96885
27460
20442
15157
40940
97724
46499
17431
55237
58973
28163
18169
64180
55815
47034
92012
24044
25607
98240
66350
78491
89964
48422
49029
94874
78836
72657
95613
61739
85368
39536
81134
27792
86049
80835
89876
82572
96603
98987
44984
35862
72389
49555
18044
74677
23472
63471
69264
39829
83215
78276
97075
49295
50470
91518
73152
30623
27407
22103
34036
55809
93465
48212
87296
53631
18679
12083
65868
86231
42964
23934
32341
53184
19930
30224
23586
33480
24720
67188
11923
29506
70138
64573
64710
95067
24068
44339
52458
50140
18130
74141
72637
57354
27484
67031
95308
29219
15656
48460
81117
57518
23753
95134
62708
64320
62871
56325
45153
11457
53199
43574
47820
28029
94242
15798
95644
64259
71650
31234
60072
76030
40618
67400
50115
64345
21384
82566
21236
95922
31291
45549
23295
63512
67955
65667
29314
47108
42651
52445
31339
65793
69431
81496
94939
97118
58006
46435
17486
20795
42181
10300
39950
66759
14771
31301
76524
76998
48227
13197
74346
76158
77042
37854
76708
44728
81884
63720
50164
89752
80504
96396
14471
60763
32029
66846
10763
21480
52698
36118
58563
48193
68059
69666
89523
44949
92299
23689
42893
51911
72680
73158
33276
69772
86536
70577
87208
83327
81502
64721
70827
67517
54616
80320
69819
74203
47230
69560
76317
96233
83051
13741
69734
46400
30878
92811
76855
23113
72060
38407
99634
50493
72030
88886
75435
22856
38704
14176
44486
61627
51400
29719
95991
30030
26891
50521
32392
89583
65432
81466
55587
47927
47327
83992
62336
29218
21573
88519
50092
48885
20132
32832
93605
81386
33417
96268
28336
73785
77312
62910
17537
95748
92563
66947
96908
72946
32278
62293
55908
53069
77631
89904
45923
68240
15593
81664
89502
19054
11471
88178
14320
54772
57309
87980
47465
33729
57300
10974
16376
12493
84753
59694
28328
65284
24133
33965
33253
33764
48891
82785
32689
31672
28175
38882
82312
55030
14311
47214
36316
82378
12021
94559
37407
17560
97192
96260
37928
39902
58951
55343
94976
97867
41717
34851
20554
99961
82967
16329
96473
75686
87279
69511
69859
35105
53804
19932
50883
67835
47752
51461
43746
28374
17309
95201
13218
10512
59826
85990
20999
72491
54095
22352
69179
68865
26204
97762
79907
77134
91541
88238
45678
88412
63840
32860
25068
62095
39167
28038
29766
82227
21115
91019
