997
34710
40902
16993
81110
83151
68908
66823
76663
71353
58977
48134
29269
21150
47500
13760
42275
81969
92855
25819
25762
49271
24179
74715
33907
75988
70174
32103
23382
66409
46345
79141
29587
14238
70146
98734
71955
65556
43910
80462
84699
22797
86366
95983
79216
75586
49837
43467
68867
65415
39278
21359
64158
98990
81922
90645
53055
93652
89143
95368
44111
33921
41129
48536
68288
54371
94130
16165
91158
92738
13463
85247
39776
48489
37719
13599
34928
20817
48662
57484
55479
82852
72709
44819
56945
68700
21752
40989
48553
49267
93925
60510
97531
41190
23215
50313
74058
67672
41878
69783
54169
49468
36528
47245
60349
35809
91495
30629
75561
87632
57441
86283
81687
77962
97855
75348
22798
25582
32225
76080
61450
18671
37676
30347
54901
63451
99572
89011
21289
44651
16466
29681
17277
56694
92784
60467
24217
43394
11137
42974
88768
87511
92366
59283
99081
84434
53329
62762
42480
57325
73633
10914
99080
62587
51476
42869
73132
88029
43411
14332
98829
67998
28277
63097
55302
49467
21830
13540
78031
13027
65048
92914
68089
78188
61571
94199
32253
55912
46743
86108
89272
99810
16568
69648
82604
68323
51284
52524
19870
22823
35251
68278
22636
20264
69119
91484
99817
15265
44545
46642
94627
91713
87620
35139
94129
79997
32674
27846
26861
77932
46466
75515
10491
29288
87253
51211
75260
35933
11937
60918
95255
48679
58426
23534
79325
54057
54065
58967
32150
13977
19224
95816
46901
95235
94618
64980
30133
94502
36964
54270
26643
65023
19083
14797
35027
71597
55284
45712
80265
96761
48810
75728
27368
98284
92413
55019
37846
37618
65442
85873
11469
21311
34967
58685
70948
52793
45130
97797
29325
22359
95931
43087
45087
21671
44034
36142
54720
98099
53389
19810
67833
84034
71486
84391
23458
88906
28514
62102
73557
74079
79036
96352
94153
49144
48868
30982
27493
64963
96222
22049
57556
27626
29161
87801
12011
88028
23711
14459
22289
95797
44627
34042
87549
57271
76295
36307
78612
43887
22850
68715
86891
50699
41735
40642
14597
66374
92270
27401
60732
33874
65972
84508
61551
22096
77936
41195
37785
79916
64758
19039
89821
21452
51206
76500
14825
16506
65153
85499
90572
28581
82573
67677
61199
37759
93469
35585
41766
43906
86215
70818
88780
40448
32513
11458
63259
58323
34653
44229
74401
50272
10365
99443
15371
98583
16381
36038
69840
12686
32975
45828
63456
75035
76014
86218
10726
59648
10168
52774
23063
52527
75631
87607
26293
69998
86627
42444
88380
31266
36489
99040
35099
50738
70370
21741
61100
38764
28257
32307
30956
70334
39738
32428
99278
63002
94782
37861
19617
94767
59695
70347
54985
77832
78675
17121
89338
48938
21818
76518
16879
58403
77637
99586
82737
41467
83108
75567
10150
32655
33298
17699
25767
56634
85466
64998
82361
47898
58627
82374
56954
30999
59489
27923
18637
56882
67771
60642
84489
80053
79344
50614
41942
81934
18674
73290
55377
83016
72947
78964
21351
78613
88888
60722
52069
83787
50760
49333
62386
38547
67136
13502
68518
23957
62691
74706
94638
32497
98960
13382
93054
29511
21712
99093
44181
51238
82564
46056
36228
59423
48543
98414
73127
46447
19519
76502
49838
54935
63068
86359
71871
46512
22270
11593
31669
61031
30303
70619
87442
23400
66083
58457
83541
65089
95220
50074
71645
68775
32331
71153
11797
17134
39017
21871
44546
95898
79207
39117
95691
88923
30993
97895
36923
69871
84804
58486
44950
41162
63747
98095
66546
39109
43237
54009
31389
11829
60320
80175
90429
86767
46299
15974
32685
55118
73018
51464
64607
98711
65861
76420
64675
77633
67642
33735
63333
16238
10000
42097
63946
22538
50207
26303
75780
66459
26231
16527
61420
75010
36906
46261
66499
94407
69991
79186
86765
64542
44616
98336
87117
93454
62079
33774
52766
94594
68623
38345
86078
90990
28210
80295
51453
38304
51290
62094
27104
70166
75062
95473
39345
61635
36206
79067
79569
29742
17335
53110
62228
85697
81885
50702
91026
45366
60650
95692
65016
60944
93332
22505
82447
38315
89829
38045
73882
11055
81716
21467
64822
96215
89673
11291
50903
11021
22315
27080
29993
15572
28202
29697
74802
56596
21540
22443
25698
55171
10071
33033
35649
98666
42260
72741
45609
70657
47095
83651
15867
10840
54805
92675
28372
35461
25647
79878
79967
61489
20701
41493
55505
93760
28005
44621
16396
35820
50127
73884
54129
68957
30781
95281
91124
29691
70230
31644
90015
32455
60820
60147
62425
61423
51197
64486
97397
24701
11361
48826
28925
94613
91132
79372
42017
39965
38245
52092
10148
59080
40085
65130
30391
15454
36199
73768
85451
98239
22476
52109
44643
86753
41430
12286
22093
59332
10423
48022
32823
51427
38973
15987
14551
67970
88710
83078
93727
17838
21158
19477
85268
16943
79950
14796
43978
35962
77955
17786
33373
75818
59101
20183
77090
54052
37751
43898
74669
52511
82292
15438
72225
85029
91689
70143
79489
18265
18018
65483
39792
21043
50638
41725
51757
48799
58923
72110
31509
68642
90098
72109
37554
45797
86043
33217
66242
20079
68929
26476
67046
86084
71994
80885
84934
74751
58485
38601
12516
76465
20260
39459
96416
64119
21672
14146
30504
56962
61193
95360
20654
98758
25095
10775
46509
70976
54267
86667
94161
84252
10302
69374
31912
67803
31471
39423
15196
57357
90314
77864
38317
59717
76150
96764
91873
19842
81378
89670
15413
23296
71439
14472
67377
85594
77503
37724
54281
88024
78752
67375
95921
68328
84258
94500
69175
98728
24458
61025
77925
14513
26754
38480
50930
88090
19933
10494
43133
87908
87965
30545
20748
48274
50541
67588
44061
92618
26210
83484
84499
34294
82774
49121
22914
22929
17358
13855
67111
69872
