997
45639
66489
92904
43797
14656
19192
15155
80906
19382
32052
97418
33236
93908
13312
25025
22555
23919
25595
64934
89005
22667
58007
68426
84251
29499
88367
38353
90541
98470
74305
21169
34639
25364
32598
14655
18698
97860
90842
72792
46330
48959
20861
74065
21837
38668
92597
70895
97425
84637
33838
23017
46768
77274
87199
24936
16901
67765
17783
89722
43006
17227
30015
48277
37155
72107
57763
22340
10477
68775
99933
88329
89594
68897
32704
35211
28203
50813
36771
71754
40176
11193
51222
40618
82079
28264
86423
18506
99890
41893
52012
12765
26899
79606
50730
76259
24811
13837
86001
89499
48150
93341
61671
83718
45108
27870
30909
65647
93656
27401
64160
61206
90804
41942
29106
60136
14724
12940
57761
64614
54880
78719
26262
94507
27075
42532
30498
13259
61289
24031
90474
42799
93424
59753
49649
97642
97641
11610
28408
26677
41760
10195
39060
52312
90642
62473
45790
18501
99473
67074
71849
11436
86308
36232
13063
96487
15356
48791
65823
79867
82604
13320
43185
92694
53717
62444
89950
87613
60602
25530
35843
58992
97388
87124
36613
21687
61105
82877
46095
77856
77657
61024
99751
87232
21080
81282
47632
73200
72042
13682
16239
58657
29301
30063
89823
44295
34233
75827
31885
30275
64935
64735
72184
56202
99851
58058
88837
59593
24210
44298
22278
68262
72730
35048
49601
19833
62769
92664
59779
41110
43133
93771
19814
64925
24414
94341
54648
77600
98058
92728
57085
32562
76099
81815
44027
47777
86832
39655
32180
14358
81614
83088
12812
55808
80725
18285
89289
12388
23322
12208
