997
36371
33743
86635
70402
28054
17455
44190
46044
33643
30667
65178
90053
99717
68589
29473
86935
41855
38242
80908
53684
28803
39990
47241
21529
14309
28822
66399
33959
52493
41034
24090
25084
77111
64161
46460
21029
84043
51000
89962
52186
61020
79620
10062
47318
81484
32650
18878
17439
27192
89104
37671
75564
99489
93218
79877
34533
76100
65687
51657
57815
19752
84091
33325
18743
46087
61017
18722
73072
59540
80954
88996
83535
39325
84140
80327
93004
72231
76177
65324
84067
83020
17546
43424
62190
37673
15433
37483
34303
34633
63531
81444
65483
10988
65610
80398
23069
26743
28160
35430
28923
65888
83849
81395
74524
14141
60926
53507
30161
58694
72805
30020
71118
41666
24303
20255
53745
40841
32060
10090
61801
86551
28978
82610
37622
89239
73962
71433
64503
40076
37846
67219
69847
60144
99581
43667
63350
15007
61214
53796
25372
99785
91599
81503
73978
76615
78426
58725
13251
28119
83647
42162
12469
54444
51215
22902
54143
93786
79829
55502
65081
98650
98130
79462
12146
38231
26862
82275
90404
32478
99458
49548
70746
81438
38142
53237
59061
49388
24092
82781
72140
34265
42961
78956
28958
71108
20109
61632
72852
18282
70272
86792
89101
46000
68200
46452
76157
86957
95494
10969
46035
91186
13654
85890
38756
96643
45650
18158
83999
28116
93278
71577
71304
21358
40185
60905
52007
16629
22196
24834
97093
46051
21205
60449
35482
22272
54625
61680
22206
99434
44753
28338
98100
62402
98383
30526
72012
59549
94400
38402
35043
36716
31315
35712
79903
20654
88921
85223
50093
85851
65745
88947
48273
22066
82612
46917
81301
75471
71814
66710
10752
38852
49562
52997
66685
77492
52683
44418
31975
53982
67561
28472
74005
64429
31284
97919
85296
26041
19863
44662
24113
78364
67870
50070
93840
52882
28887
98585
82166
24682
24131
37773
36703
79403
72353
33895
78021
38245
22986
19918
47100
77560
74577
36675
26988
65061
43206
99525
67425
26630
45986
88629
64301
50346
80441
18334
11494
63611
90721
55600
72610
53629
18616
26842
99783
82108
28240
74447
13285
95662
80709
68830
38855
48594
32699
80649
57697
86094
16545
37819
22783
12734
41054
15922
11551
25151
37028
91023
69343
80548
38216
98840
98818
71788
82408
50505
95057
39918
80555
72813
88339
55249
15685
96065
82228
53319
43166
97659
31209
54824
63858
32218
78775
39671
43175
92615
75434
93984
24208
21527
96886
52354
54078
28418
81386
43063
57497
33196
95681
50160
77308
37113
21299
36216
17070
30316
19033
76574
83358
46238
89313
78816
36047
47613
98207
43084
17043
72468
62686
67736
20108
30149
85940
35273
14642
92760
25971
86604
34095
21335
96594
57848
16556
93147
54236
40668
90533
78607
96716
96780
18726
11183
39538
62644
70738
86343
68478
75860
73078
69435
28481
82182
83939
24178
91374
49042
16888
93982
45422
21610
67365
85971
87121
98169
50402
55642
78179
70880
40531
72593
47863
40938
36673
15629
99103
54582
76151
18316
41334
83289
52144
82560
24406
39053
71936
89088
97542
57773
54458
89808
81008
47264
61775
37923
93077
60372
85555
42257
50470
51408
22645
51303
25345
83240
60226
95612
99659
24389
11391
98967
28646
68471
59891
25082
79027
49324
92298
35970
75216
27463
57111
59037
25638
30959
36377
79331
51110
28695
58376
53283
80341
61476
71091
94438
96238
56386
63930
66311
70708
34225
62222
66081
72292
64939
59599
10012
49063
85350
13295
47345
88901
17540
17732
84958
69912
75542
67085
37299
31056
88168
92123
80912
92709
57224
72765
90364
47598
67479
32587
11507
39023
53905
64634
65352
87170
29298
30074
92671
93131
37048
14985
26345
40402
85269
76927
38675
26627
18458
61502
88824
18332
80896
56711
67964
63945
67097
84589
84547
47477
51338
42921
79535
92176
12526
54453
15017
76576
78080
89551
85566
39205
40802
75910
29130
63821
17341
58876
43654
60291
47773
15885
92277
84275
21568
84309
30610
86195
82507
64107
21986
11891
23577
59487
10561
61387
62739
51928
77504
23534
91649
75295
58490
70581
37572
67735
32198
22397
93344
25893
62313
43106
51100
65654
81350
16692
61931
67060
11522
18581
30666
28840
86240
31262
96317
33368
44694
48241
93734
97612
14352
66215
82422
36509
90556
17746
57135
72535
38522
11827
62907
30838
26615
82326
70234
13807
89735
48925
50612
33267
85620
39762
61162
11356
78286
33995
19841
56343
22570
56523
31776
41326
77010
64911
14053
91461
59513
56180
49701
96713
96234
74630
83302
69136
36840
10129
22895
68290
75536
21706
22982
48611
88589
84267
98124
94778
42109
53898
92162
62802
89235
40032
14865
44817
54154
22949
65905
84104
85906
29865
14047
89711
56570
57749
89414
69282
44484
98444
29615
24019
39845
31346
52646
14082
27597
96120
76479
49012
16807
71223
78813
82356
30565
33031
43945
50714
60524
13517
26825
31633
15565
46640
80267
32032
40793
59398
36688
33645
82070
40819
45982
42283
56390
78335
58570
50423
89967
66491
36018
49282
13172
50750
51445
84783
49008
38568
61849
35437
12563
62116
51066
41394
31239
41203
42241
84470
66580
67046
99125
13160
67276
50303
23366
13776
41285
83346
82024
74397
37005
54277
59659
39226
64016
53201
34163
71690
18513
15829
49545
99424
55122
12893
92153
66348
73390
67785
58701
82332
11508
64738
50377
18425
23773
45030
69120
68960
41060
18059
14450
85854
48027
14807
33653
72905
46268
44954
88615
17072
61238
66385
15032
71047
88097
92310
19561
30801
41815
38455
37537
41173
71172
86296
76879
76993
92941
52578
32924
59817
67887
47164
80079
33104
38798
12073
13109
53315
92696
81302
94050
25072
60780
61960
61336
50197
34411
95370
20240
83918
31780
57695
38084
70048
21149
88127
96330
21797
50936
35627
59324
48885
15511
82262
64316
10413
39384
17648
21443
99464
70237
79103
29543
45658
94160
58173
13652
96155
52398
32954
61060
36055
41844
45189
77129
99846
31615
18501
71022
64875
80983
35731
85136
95098
46105
75425
44082
61418
57026
53936
73653
