997
67185
14540
97117
97153
91821
48239
16447
53858
24232
20622
29300
54498
72969
10990
24588
97448
81054
86432
94715
80524
92593
60207
36453
45754
69466
93439
99934
44894
15653
88500
13741
23562
31316
24313
56138
30270
52874
86592
53615
59814
78366
93982
43316
31969
36902
15539
59638
33086
38368
22370
86187
83976
33755
34823
34066
47133
60089
63541
86528
98899
97183
68893
20680
17884
15785
76410
95993
42368
33115
18062
38094
30927
31042
36909
45916
82730
50851
36304
36694
28868
43367
49715
11961
84672
88762
63055
51246
80203
36315
50445
20162
33707
71963
67968
25050
99108
30108
64088
55156
11150
48619
31742
87507
22560
43870
20724
17593
23514
63096
62798
39680
81232
22226
23847
72323
71759
83170
56574
88413
90185
26187
18011
55386
28026
36633
57309
56825
43246
50434
93710
24714
54018
81693
82120
98215
94994
42993
78705
92987
25058
65985
31242
67716
34664
31129
98314
91183
47921
79364
98133
25623
56555
82092
35927
14419
46957
78288
40772
44458
22697
69609
47956
85205
13299
82791
93026
86724
20673
50554
80112
17407
19318
22422
82983
29154
92950
68965
16417
44551
61524
85144
33633
55864
40512
72753
51124
46683
85001
80799
35772
47092
62225
47868
33559
10378
44293
13214
92226
73766
53470
16581
39478
73645
97462
92802
86190
29746
81452
86274
32301
51074
22736
30618
43249
30406
69629
37008
71062
49244
28951
86285
61834
49780
65995
36942
47813
53175
94867
76455
41496
41472
47736
98424
35112
54437
14743
53913
30910
99008
99238
24626
46335
62308
30926
97803
38981
34739
95388
35488
44021
98482
69104
19096
91548
34134
32320
92601
92228
85303
37777
30502
96138
25535
71514
97750
78015
60114
68186
22102
64939
23487
80994
86280
83431
82972
27969
23766
94896
68167
95855
76754
10249
74037
30113
37371
88052
44897
26623
60686
80266
66512
35887
79017
16050
90099
16451
84456
35840
95458
28387
87772
57814
53670
36331
27307
37227
12432
75907
67113
28671
66533
58719
95391
96121
54664
82723
82855
33393
49787
20438
96464
78539
46036
29863
48886
36627
37791
85391
50173
98313
17363
92353
14784
88301
56763
59289
85985
56171
49740
14356
12978
90884
70737
56639
61643
19073
39198
22278
33074
84094
56709
16538
44792
91719
52939
52470
59733
80765
49908
46121
38375
22737
77000
36211
38157
31203
20410
56670
80483
56838
47220
12391
82991
56554
59333
15286
66499
43644
97413
75745
38953
44607
71280
57091
12235
16381
16690
96058
92966
51423
26581
92420
58917
30416
84072
68537
74314
94389
73459
39132
57413
93774
21232
36616
65530
40890
45798
58130
73087
80841
68412
51169
62683
90476
74769
87682
39363
90786
45811
48005
21138
70244
71736
15917
98432
96899
92600
63857
50479
51660
80430
87901
38529
95542
20738
40857
61652
31244
11536
57485
95679
97848
66776
16707
88865
91802
31420
93103
82506
47008
73678
89686
42338
86508
58880
30819
65821
25972
69119
15537
58604
28641
27050
32612
60088
47348
15052
81770
44707
15725
16995
34858
54166
77795
40355
96582
16160
47692
89191
15790
96728
10771
86984
22232
34684
40273
40401
75396
83367
63220
99114
38254
31545
76181
78135
43803
68702
93332
72027
96345
40314
28313
94013
97059
47607
82701
20774
43576
98490
81254
89917
95049
24150
27558
13365
72615
34923
61358
14636
14913
78295
40471
43954
82025
60998
57559
97224
83626
61819
24640
28667
87410
53385
34154
29278
91613
73376
49925
22913
88959
88422
51130
29413
53362
14607
85139
44306
90869
87444
52667
59023
96617
51540
17086
27248
52938
77828
65243
86816
29129
36101
42188
32502
95198
32056
41299
39452
23128
56146
18421
65134
75948
20487
89362
87193
86425
90643
61134
41903
39882
98378
79995
15418
66103
91086
69566
88924
34557
10628
31284
41751
95677
78645
33554
50986
83637
82339
80588
68088
27751
84910
23827
67559
84337
95521
39271
34254
92263
22073
35756
92421
29490
50239
64779
79861
93138
46547
41492
18869
66028
23539
32891
15364
92544
55253
30593
71274
88584
28533
19236
86166
70770
43964
14251
50036
56869
77429
71753
34911
38629
18487
75072
14438
63088
34289
39319
88958
19736
94336
38793
62607
17278
54675
14390
12687
34120
67378
23500
