997
38882
51231
84947
46726
26090
88242
79376
48909
11885
86776
58261
62215
31061
22016
62395
21901
70043
71620
53399
95230
57874
13683
17307
84935
11400
77259
29650
15385
17242
44151
87844
13148
34173
61819
61210
52741
83866
72921
18996
89205
24841
41117
18191
62931
85351
70929
48825
45340
68215
51891
97756
13225
30694
61491
22867
37970
54360
67881
57535
52357
52446
15935
62740
79112
47880
96460
73576
65094
10290
49977
77224
20918
18824
75487
11979
19401
12083
59340
47077
99385
30518
29659
90216
62515
20610
70528
17749
77920
92235
88463
15189
41277
99320
46560
38327
45056
61918
37132
30367
82693
81534
72003
32609
47951
32494
32063
67907
45338
88607
66281
75108
45480
97378
33019
59968
39319
91729
97740
90311
76819
34264
21283
93804
17284
92559
35656
54601
11012
19225
71036
72753
66641
43591
62541
40244
36124
80763
12759
59344
84382
94402
38569
55104
78208
86304
98209
87823
73386
65234
47709
16657
27401
73462
29886
73250
78304
47136
18060
60274
78142
98744
64061
28172
26959
37406
12125
94824
56664
61975
61361
87727
54432
61971
37052
31942
22183
58229
80905
63176
22689
65301
25890
63364
33335
52710
89943
52968
11886
16577
63690
14656
55228
46374
92528
20612
72545
21308
80855
95481
57306
14436
90021
27634
51991
99044
53585
40631
63062
73785
11849
45419
69094
39246
39118
34341
24806
28023
90148
75529
17134
80311
20602
50886
46651
42897
62956
70354
60187
70294
98755
39315
22565
92817
22620
17957
61251
30616
40126
97587
97911
43924
65289
84979
39150
31246
52148
41457
70005
94805
67278
20447
80030
81934
54562
62313
36625
50753
13821
46872
20570
55657
61974
49302
65475
51304
89369
90636
30304
63704
87340
92405
48476
19271
97915
72239
54989
96604
32101
27296
70695
40091
18098
86433
70414
86311
35248
54674
99524
48288
16266
67541
89630
49599
68030
50397
74831
84378
27063
70969
17095
90544
55593
54014
26252
35616
14010
46260
31123
69423
70612
37882
17469
20559
97936
97213
56207
75763
87049
47779
14631
40969
61584
60300
11090
31057
65412
87299
67660
23445
67223
25770
24018
45204
73600
59261
90524
83537
29834
79095
43805
58939
45277
40149
21172
14066
39082
58060
40349
76397
71141
74125
45764
43667
86466
93839
20586
82180
11904
19980
47635
25064
39034
76955
25775
81386
78668
84726
55920
75121
27435
98733
49681
20360
82472
97946
24453
52816
21594
97978
53478
60670
51368
73389
87111
46623
21517
13311
49111
16445
81901
41081
92169
82505
41626
79397
14316
42894
72676
75958
40514
48978
82771
43375
47378
82920
15654
58013
78916
30913
45844
65451
59332
50487
18555
21036
54972
15490
62995
93165
31806
62154
55578
18819
13042
19201
90702
27149
86115
80714
66823
92055
97467
65013
40960
30281
64771
60034
17936
75368
99976
11377
82453
55210
30760
87360
68807
75656
17881
21333
71958
45653
32506
40777
53996
12611
43459
18255
26840
64800
62757
95029
98085
79313
80817
75008
24719
38234
97696
42805
81452
56227
39964
10954
94330
65216
61220
75856
21563
71214
67957
53091
57906
78958
10890
39135
45074
23215
12750
93565
71565
24927
53006
31477
99096
27598
64158
17804
68292
72513
27062
89007
46803
65611
97753
65085
26980
64302
70690
17014
35712
65784
11107
68433
38072
36837
25413
48006
29637
23029
86767
61358
42239
38694
47883
80913
84240
18468
30035
23297
91940
48492
14370
18634
29899
67181
97137
73941
78844
49045
71879
42074
87788
26195
63619
35574
28473
77869
90888
98900
32144
39575
64134
67769
38696
16685
14211
68334
57384
53948
76131
16470
45264
62340
29323
72396
90361
11114
94752
66520
68917
47185
82816
48337
27012
13545
44898
63616
22109
46375
18216
96221
17404
58049
23023
69397
16504
56761
79951
99500
10077
96054
68171
12919
80144
15319
59108
75717
17904
21322
41744
94776
16081
80627
59873
41018
16213
68010
22162
57965
11134
92096
54880
47071
70093
99611
51919
40735
99291
42346
52880
37365
64015
73740
96966
17032
41239
61341
76458
43495
38915
56582
32490
70228
55185
75944
10673
37097
52844
69903
86842
72267
11409
18034
83489
15159
79226
33239
49315
11091
41947
60045
23697
82359
26141
92075
49515
13396
84347
65072
47950
17605
60991
46444
53578
34946
65060
67904
70910
66492
52041
23716
87744
56651
51846
30031
15661
41862
36926
80515
74603
10195
78172
84768
12972
79090
58426
83239
17875
61910
46025
33831
61141
53694
31236
97741
62502
86681
23733
32223
90388
71072
19896
85759
76884
29196
89423
96828
60208
13431
81160
94199
30430
41670
75464
28549
72458
88073
