997
10414
86786
16429
83698
57103
51926
17860
48628
34600
42802
34121
75938
51504
15883
21886
40635
34353
12202
61982
44724
18103
84876
57374
71522
79063
21355
50556
92152
72319
65228
85148
31215
36693
20533
67550
41707
93743
69390
35622
70933
16113
97607
11878
60616
14840
84387
62954
32434
57943
80206
89871
59798
19889
10204
20775
84174
47480
32534
98045
53917
17397
93255
27127
83040
72744
11205
20994
57413
19046
60701
84050
92996
47185
13836
28660
25430
81465
68534
75979
54729
59389
27264
18226
66844
84531
65235
59248
72221
72780
50023
67297
74753
49413
53734
77671
14352
62556
64814
21145
97364
81581
78445
68732
70174
93486
45852
67627
15811
45546
83048
58947
46885
15237
46142
13501
45842
13594
93344
60698
78928
27648
86366
59185
53770
80350
43572
33047
80230
63648
69361
67665
18277
83740
67176
86581
87898
56734
67332
80054
66843
14916
67603
80503
94759
83131
76305
85476
51105
84200
79691
77548
27420
76641
91865
41725
41343
80595
99913
75205
80922
79244
27095
44388
25221
52203
37502
16672
37453
61231
87969
50571
92586
94486
62813
44783
21116
43519
32441
88433
80117
86135
67518
98684
66546
44118
58339
98183
99199
15401
83601
32876
76888
16016
16478
90483
22460
37387
45375
71405
36810
39538
14419
16578
26266
97734
19000
83128
49001
12743
50970
28871
90746
54375
50593
95123
76625
79837
24935
40518
65591
99114
67028
59264
55191
75730
14279
22737
53531
34921
94445
52189
28468
77233
90795
52311
52367
23344
67891
77009
12797
46655
39264
31276
96696
15729
95638
92064
31500
73195
14024
37039
61446
35527
69385
26751
25865
70748
82041
63772
20984
83766
83353
26415
60346
34148
79551
40717
39683
54414
10742
50885
82102
18735
52473
97138
86352
16194
66777
55973
98345
24668
75955
95630
79851
87081
43919
54522
64205
25642
21994
80727
18614
51013
21188
65379
44027
22330
17379
93634
75411
96788
31405
59616
28502
94223
66528
79634
71170
15595
47046
32103
64927
95416
49315
13280
76151
29895
37099
49687
38134
93448
90961
67137
89562
32933
13871
77880
55054
38314
88067
12589
98426
27898
27688
13687
90970
36788
82139
95606
80824
92488
53627
26849
26130
63533
83877
58320
88665
17916
72145
33962
50618
39834
97137
93774
26810
57453
83021
79615
18829
76523
33005
55414
95569
47040
65925
80356
51592
90044
81939
67395
21417
29514
66249
10757
98852
59984
29406
40793
87732
15708
10210
52259
52878
54242
11713
71880
30278
17099
56191
69991
58155
66649
57419
28860
23601
29995
88606
10107
58722
88768
93877
12331
73828
42713
47090
94732
37672
49504
52014
87983
23775
96101
95308
64419
31558
14985
87793
96668
62787
98089
26071
87635
89801
59626
64994
52086
88928
66575
49094
95133
99655
80906
51314
77476
66705
86234
42589
43470
20254
96092
97671
62917
87545
52120
80289
84301
66699
23781
31125
28787
75934
95244
84231
70297
21888
19521
65734
96298
57193
81752
82570
76413
34503
71552
59836
52170
88062
98044
54758
78354
28931
93083
68178
90642
65438
63837
85798
54571
41174
12039
65289
75422
94219
54788
62132
68424
68724
30773
63556
20005
31466
29225
47104
40522
51096
63076
63784
16808
93402
21126
97441
84995
56837
10726
66025
79616
88620
79529
77675
69695
31581
42133
95798
87477
65426
70308
34604
30355
11060
25806
16900
46090
89750
90505
39676
54786
29336
86944
99668
49958
79044
35283
66985
51060
40044
34060
52181
29043
99604
72958
33026
64227
21240
84245
49856
72895
88390
65687
72893
91965
46691
94756
18846
65269
26296
83773
22306
37348
57178
70774
19787
52141
34443
32077
54463
70796
52992
57862
91577
60445
34554
56900
76207
30599
53445
78257
73474
88244
85168
40057
96262
43019
75863
61169
99783
42063
12488
64926
10385
44560
61158
73526
55080
35272
87622
66193
85182
68362
41264
29313
12458
41394
73269
90460
68207
79426
42072
75991
55139
52591
95273
73726
12819
16749
19715
75999
59240
49079
24021
48949
16750
42664
81578
40102
92464
34474
40985
37459
49604
27964
90616
81820
62426
57123
60387
91197
15194
98414
39263
82500
79494
76027
26023
68873
24685
37427
90847
78994
35074
39303
38070
95752
23813
28639
55958
61558
24763
14541
82596
50634
66174
27784
96544
34180
20026
63230
89886
88668
56063
61181
36038
61662
84759
20202
92713
21632
12494
55034
81570
27425
81717
71279
94658
90161
39932
10763
72240
95395
25928
97092
51712
52039
68898
34827
27010
75004
60285
95582
43963
54114
82567
42034
74258
38280
90082
95676
70733
96811
36590
76093
56977
67019
43859
66706
78656
53129
72457
35367
47879
63203
83833
25798
61589
56492
11096
71969
18415
25407
23446
34434
14028
99090
57300
49729
79017
37938
79273
57820
20490
58105
37040
75040
31152
24164
27495
63223
94754
58382
26440
99656
66171
60888
68916
95010
86686
98241
13126
32670
25136
85793
36995
44551
79449
67290
39924
28448
23703
73901
80829
93525
36473
26082
62414
37143
59181
44459
36025
22799
10059
58337
22476
84511
98798
11715
68694
28131
44889
33289
37172
80827
21763
92690
31743
59368
30436
33328
41123
50470
67178
53663
72627
39512
82745
61311
25047
90458
78922
91715
18119
56654
31730
68552
23539
76630
81731
83005
85101
38634
72438
91502
54376
22638
91531
60599
55497
42945
17574
13270
32190
33725
37791
31413
89492
44791
43589
72359
82733
82381
73222
74758
12798
81301
46656
82896
34764
71875
27051
38309
92000
27301
32185
23250
65669
10630
38329
75849
10295
49724
84119
29242
76441
25224
92088
55430
36676
43368
88370
75794
19354
87676
11332
10342
41779
11426
29369
25249
96175
46436
95365
46998
48542
49123
24316
19706
45514
31015
82894
48380
72425
92858
33213
43957
21498
35862
85586
36138
82025
60162
60411
83841
54685
56013
30668
28342
17792
33277
16350
66151
73410
22284
67828
56719
84641
89486
42979
92547
16813
39155
40116
44323
78970
97272
34556
57176
12666
39025
44100
83403
90038
99013
56982
95467
96710
98726
21293
21743
51740
57007
17027
94032
13655
36648
44762
68333
36899
87076
65909
94436
77686
69360
32784
41900
81377
80290
80632
54473
35306
46489
38055
27494
78081
60943
24611
81899
32039
69400
