997
91455
84525
52132
86191
57608
24550
91357
90425
50853
43913
83028
72846
46136
95218
23947
13527
26774
45125
73084
29880
60650
21535
50828
11386
29054
24820
42938
69222
88011
69950
38040
91710
18347
81541
52914
53259
89120
55856
52853
10594
63965
76644
50228
95069
35912
57259
51824
34838
89643
69481
27652
29817
95739
20152
87523
51833
78080
66468
53002
95336
50772
87488
24781
80800
22888
98828
12301
64239
52574
47915
41656
62546
75343
80099
11523
19488
18354
30976
52255
29624
45325
35818
18048
35924
22814
44192
67283
54262
80258
91733
53494
14493
70563
19861
17355
96082
25434
82850
13696
58293
57507
38024
68798
57471
96511
57483
30475
29364
52602
51285
88223
85692
90326
63073
52372
81105
53265
56294
31846
33304
54686
76017
54238
87633
58061
33375
26936
42690
75268
35763
50190
12008
70474
74715
31792
85277
97849
70821
70428
72649
88863
14174
68679
77823
14293
11704
11392
39956
52397
42675
10664
21419
64185
55168
57236
61555
41695
31089
27088
75121
56821
78261
79573
77076
20167
30265
24272
18212
29371
95171
16921
42566
92609
54630
76662
53431
38515
54985
50700
13257
99034
54004
23347
31421
43723
64478
49964
35056
16262
78753
59486
96767
64923
31067
73979
47489
49170
36494
93050
59575
32538
15367
34621
51634
58768
30573
69635
12426
76032
58542
63675
36609
59638
31789
98119
35931
81188
74302
73512
44368
92998
72210
54584
76867
20907
85881
66210
29903
76827
69986
16898
70731
94644
63422
77649
95851
83854
48613
30568
53904
95156
84191
66997
32719
86550
10353
92449
59156
54239
64225
82573
62683
61946
22355
60483
93670
69018
54761
36748
83744
70499
57780
48553
26565
20385
50409
21220
42734
88913
35126
76379
30042
30808
13433
13033
15823
30049
22390
14814
72989
34353
25574
39888
88175
61388
47927
84105
29856
19157
31675
95620
79546
70079
45884
17224
32650
13077
62211
54144
45492
40437
15122
62850
35708
57160
26217
98059
89862
57265
34724
21549
62320
90925
94244
68541
86303
46278
45071
70034
49133
67855
30345
57436
38782
81745
47598
15361
97475
29998
81861
49946
85113
57595
20261
47500
39352
41664
49137
16477
64614
16283
55255
23411
58624
45131
68552
97483
10440
37084
48450
51539
98301
85361
88534
26629
32154
89209
67659
38701
64764
40954
63432
92790
49890
22809
66022
46484
44811
83355
62070
31641
11522
24707
79628
66632
79457
39877
64867
32560
22391
99002
31071
34150
66378
73320
93832
13114
98754
53040
97221
58124
23589
74378
85368
84054
17543
92047
48204
48347
56604
39504
86332
90397
41925
13449
14197
25409
89317
36518
45894
92544
80281
17574
69443
68621
94178
32569
60955
89464
78845
24826
73559
37435
21907
64447
55002
94642
99954
67391
61544
34514
14800
38089
91508
54047
49697
39434
13901
74533
18247
20457
97117
21633
66535
76237
50418
29465
91721
40998
13211
10686
74827
96977
66563
12022
43360
75911
60946
98958
65463
20588
35860
76589
24248
63603
94097
58472
38113
21377
88165
29047
38275
68681
44193
78329
54804
65850
85344
29571
14312
53558
63369
39931
99457
91842
81320
46311
57946
72400
74919
94753
11813
18499
71813
63283
93784
62807
57210
11430
38320
17010
87755
24833
11298
47222
94000
53370
41238
85967
37257
63470
54247
63632
91534
57430
40064
77401
42518
21059
34739
17203
28538
60979
85195
94233
90911
55918
69984
62103
14812
84210
38197
95142
45464
90677
29833
16410
52632
77059
12064
89252
25698
48621
55585
74954
93181
86127
84121
80039
28784
88967
76429
70906
94461
60929
81800
99591
64097
93387
47974
28708
92021
23931
69257
18245
84630
11458
74915
65897
60585
28024
10722
17663
56314
60981
12952
80383
79629
37707
37882
36352
37166
17864
71647
43376
48320
81590
46524
25330
38287
98069
31259
81279
91085
76469
44403
65020
10603
30830
70536
84762
25699
91232
39387
14347
87156
96717
92344
75526
82073
68067
90320
29951
38175
12480
69584
33904
36832
80517
81626
18676
71146
41009
19577
17182
57810
63263
73234
81848
38068
49299
88794
75562
76938
72683
46570
15055
41567
34574
21461
27841
71585
78827
72287
17164
13027
65618
46150
39666
54286
18111
56458
28815
41338
54165
87962
54672
52818
52569
44418
88664
26997
20944
11747
74060
14074
48708
66746
20139
31289
59164
55531
11126
49659
51561
14900
28884
25730
91574
61177
93126
50367
12864
81051
15669
25427
36844
84635
90080
28397
83134
83201
59765
26384
61842
20624
34625
19498
95923
40943
82675
38472
14284
36972
16403
17590
69775
43453
87873
24483
96193
61625
88118
83830
59245
42955
31248
78971
53908
46721
21437
10920
91408
67575
70164
98704
71026
86443
94691
45018
34249
32863
57447
62366
95064
12171
84718
59571
94929
46407
63135
41867
14639
53634
48255
95649
40302
10410
24178
77157
67542
22953
31801
44006
42464
48711
49068
58274
53841
91060
49989
75438
50337
44575
80218
18579
77519
43443
54383
90118
32744
98597
65814
34246
41725
82295
66406
83291
11573
61673
80632
38184
81427
89501
35926
54714
20420
83253
61999
68332
66923
25044
53579
83169
98717
38047
56774
70917
87159
32087
49725
60068
98649
32467
63440
89386
66762
16150
63170
63888
56683
69378
77125
31698
15521
56236
17431
12560
94937
71565
29377
58161
57378
25690
11653
40957
11361
96125
46648
35201
53636
65351
58666
15708
57184
59874
20593
25298
95461
88604
65262
29294
57614
11809
38384
47442
96057
