997
22009
44005
94317
44799
98842
38705
76045
49801
40657
77191
87704
91153
23621
73334
60105
50407
92203
14647
11434
83132
37621
40634
82111
51435
53763
46119
83263
52527
73284
13674
62092
85068
88769
46303
71185
50025
35351
96090
27692
21653
16345
98501
55741
17112
94132
41619
87232
95049
72445
97563
91279
41158
88580
76493
19005
55353
26448
35814
18056
53348
91609
27216
13526
93833
44753
82709
97539
88188
59943
21637
21148
27591
98698
55547
45252
81638
34670
99719
25176
80108
91849
86314
19211
96479
47583
50831
73655
64621
78138
36839
28181
28154
45911
41795
76102
77595
85937
84950
55184
96809
23697
70025
63353
52578
61686
44836
45246
13072
99068
59491
80363
51166
12331
47185
41194
46780
72475
16167
12249
42229
36485
46037
96147
63865
66405
31007
80653
39264
98084
11445
88974
24574
43214
31887
62910
54464
90956
29830
97597
24395
99922
56175
54722
91406
96678
79282
87936
24532
85536
76500
65149
62365
17248
34873
94726
80908
42048
61966
14954
25022
88751
90340
27184
50309
29600
28883
34928
28214
60151
46289
48971
92301
18674
44122
19487
67600
91703
99705
65002
79692
64265
83770
68268
47880
99239
90595
16809
19855
51633
17042
88026
52764
98506
52090
47331
87857
86693
66279
48436
12694
77848
77771
96441
35704
64229
87362
59173
33836
28123
79649
28096
17333
80929
67868
16905
73139
66759
31380
94646
75596
18930
90676
12000
12041
72098
99767
58086
71513
59061
23187
10038
93492
40716
17344
66134
47529
53994
20323
90881
39078
85417
97547
19994
51978
34843
43378
37445
75835
14072
10995
55137
90280
15978
82453
83473
67399
30606
94505
45831
76769
88273
33765
38527
23128
95388
54754
83920
86315
54927
86439
97440
24226
33603
21242
58064
66513
77102
55250
84884
29946
64560
10047
35960
56960
62180
23217
38760
95404
68369
22732
74474
68387
71672
51589
53155
84531
18989
57198
55792
67892
88871
38859
98629
86698
58306
71786
90758
39258
35134
73676
15433
18492
94809
23637
82562
58544
58494
44406
91146
79173
45964
31443
14199
76671
80748
53811
47096
37435
99061
80800
56647
19564
88313
48565
23097
34410
89026
58146
81372
16784
73796
60302
49601
12434
19984
67440
61211
98130
