997
25027
77357
56328
16172
55230
28227
31837
21728
70021
34992
62374
96173
76280
90075
83533
19947
65195
13955
16564
39359
46528
83141
61058
49516
14378
59698
50032
18010
98851
98110
57568
99907
64929
87244
16098
49273
45978
70730
96496
44095
73833
52472
93491
51142
68960
80298
70708
92898
33245
93533
68728
62833
82714
93305
10403
84770
30948
22104
50306
12683
82094
13683
13006
81427
48924
47956
65918
81059
93459
20901
76990
98067
97240
63005
90370
42454
18456
41992
21991
39777
77466
14812
25092
26727
46078
73747
20961
80904
25799
94098
26154
80235
92366
11632
13244
60833
88629
39401
82490
32284
16466
40637
65938
50520
25658
11124
17742
93024
48231
62927
96221
35539
36878
65614
43808
28414
59957
20769
12943
38119
13404
31448
95064
82617
83099
94376
47266
45415
74364
84444
65745
59901
29399
76463
88714
56349
59299
88864
55794
52305
57548
48988
94626
73803
53669
22799
63020
17092
89199
41725
81986
24856
69752
53979
49315
54267
89254
70783
35458
59760
80277
67782
77434
52697
83461
19049
85854
47939
57515
34615
62488
21290
94081
77128
57284
17747
97123
35386
76652
10395
72194
26860
43679
24292
51463
38023
34166
21287
94223
66683
58345
93778
63678
41414
38061
55211
76381
96094
39134
23354
54576
87490
97689
18786
48257
45071
25099
71412
38081
29583
79039
27900
32433
63874
19080
27359
61623
18090
63595
94507
54125
14199
55587
43037
38552
86549
93050
32509
32797
14343
72684
62403
88779
75566
99252
41329
99472
50921
39710
19459
63227
32301
66003
53646
54195
30243
34330
57767
82760
13151
84015
26748
42850
43102
39819
14011
98339
25140
66745
41646
89412
76596
40631
95662
74518
55289
71678
95200
10074
69615
25143
52780
84205
87217
32373
16694
19742
71423
99776
25217
31008
83590
84672
86785
89019
25777
33746
58338
65492
26918
73103
99421
95930
39073
52761
34258
24941
82938
14961
61302
20053
74343
27518
99338
10269
25609
73731
30705
73431
42152
74958
21499
23498
21816
50042
24704
39891
32941
12148
34323
50576
43699
63992
86262
81046
50387
98300
25761
65762
80022
73466
61031
41829
87732
91942
93750
77364
87427
42402
17279
52388
75658
54592
62521
27678
61136
16277
30229
82708
23426
80400
31708
62804
97012
47213
97861
46851
71198
64144
68304
59151
34753
68453
53815
68305
31374
19436
33088
48827
83205
66183
29273
80903
52108
79977
85215
45279
11755
82147
26924
92672
38780
23076
99434
76115
41805
96974
88869
75973
76797
94661
25641
92568
88638
97834
92682
74070
27221
26307
73168
55400
80685
95008
56759
73842
84764
99105
74360
74524
12766
93148
11320
15195
31209
81107
21331
54946
55223
10044
74651
69905
69442
18309
30707
93022
16424
89918
21970
34231
63266
39147
85905
41326
19004
17221
49069
19258
97919
14599
69326
26781
67906
55672
51231
23935
19858
34301
93488
84573
39316
44409
40669
85711
84954
41569
71374
91316
54259
20725
49624
36321
55030
11243
56244
46227
79394
68745
81708
57389
64062
17409
90768
58001
64589
63832
82531
61723
74798
27580
72479
82994
47124
99482
36219
22195
38513
33512
48027
50288
87618
26856
27703
15050
81051
60041
70484
91172
89850
37785
17075
93567
51166
74138
74003
79179
71197
82917
55314
56448
14553
91307
78007
21302
29816
57460
90692
66084
11431
75099
32156
43733
81876
57816
20530
86762
26807
32428
85760
22614
23593
74626
92656
61356
89577
86764
62516
14906
26737
64830
21718
22957
44016
19588
15581
58162
90926
42785
44674
39372
28613
66694
87078
49900
11272
23123
32389
33588
39156
