997
89536
46058
12055
88610
26547
32661
16336
44809
80992
88511
77329
82350
93417
36075
17366
56247
13032
20965
10413
18535
77502
81253
56336
15262
26429
97189
89524
95751
33371
86359
84159
92906
20659
12097
94560
90615
78831
93249
35985
22090
28986
87813
32055
13313
61877
89746
26706
14571
58399
67836
88439
80121
59536
41145
71943
25639
31479
30194
56393
97883
22693
11707
58171
16411
34560
36327
74452
66431
76435
67860
35472
33787
22470
97703
72097
26508
30773
57503
32564
86146
93755
79669
75424
71885
24455
91290
37049
78003
86255
77440
68551
65709
54158
44806
69544
42925
27594
50438
86374
15408
13213
10812
52838
97166
39545
60133
13180
14411
69910
77894
52039
30074
55353
75176
89332
93150
18073
88823
79943
61709
62364
48841
71558
66263
63878
94015
53668
95890
82570
39722
51050
30493
54726
33389
99442
37320
80397
77796
84780
93650
59284
44519
91497
92500
94489
75014
13467
30044
64369
87416
26965
56483
87528
13526
31847
74772
31853
47182
80312
48471
13595
54991
12043
33923
71628
85730
97134
96404
24018
56896
55454
52105
72069
78720
43162
14270
51932
40200
66058
45733
67165
74533
85175
29829
47140
75694
80803
96348
44835
82847
75911
38666
43589
12080
32606
76867
45968
16784
73187
46583
42756
18851
47347
86016
70877
68881
32161
88356
10504
47671
18892
49772
88201
18649
21307
21716
12034
24088
44905
28348
85236
67049
26636
29772
39632
71359
25405
12924
15900
74182
57361
55581
62440
45407
11649
12737
93794
23721
26297
28117
39759
63337
59806
91742
63502
20374
99444
46722
38767
11169
25929
19938
90519
66934
53123
52613
67174
30589
15247
18389
70197
79285
70142
39406
96055
39951
10295
93049
29830
10074
18364
56910
23480
79156
79450
49025
99208
80032
19568
22448
77136
95808
44920
47101
65647
44680
25864
93521
73927
42335
89669
62599
11123
68982
67926
79210
61462
37093
20738
20110
35721
23998
16335
22219
54594
40296
88984
83716
68963
64082
97705
92819
26398
95168
87424
33291
54049
77199
75692
