997
99375
95828
17853
89606
55929
93265
77779
42967
46820
64315
43772
23383
26702
24592
19738
18629
75232
97712
19976
59676
81787
21027
75050
80462
23560
43729
44026
39233
62387
70926
60439
97398
43037
75842
73409
13835
84962
30580
85749
66154
86543
80644
31070
55804
47339
51816
18176
49006
58763
47200
79986
75508
58110
92728
33981
22651
31003
95833
36800
21820
38987
27584
61575
49755
59227
15015
79527
58853
40184
19455
39616
20869
28487
49842
43291
83618
23623
80531
24841
36971
45459
17538
13610
33536
68376
44618
75879
58733
96540
59700
99395
72030
14457
41613
33061
62076
33599
35125
81266
89983
61633
73673
97490
18930
95746
21063
43707
47589
92234
15616
22104
75439
56259
61649
39200
59311
17900
77061
75215
39972
48453
86846
40507
69769
66594
96898
92173
62242
79852
75712
53427
12891
24239
84710
53565
73805
18455
96504
10635
35130
54381
31124
66780
22908
10324
74118
85737
50839
55664
10552
30722
93821
95356
35148
43710
92529
68322
39471
63338
30204
16534
79329
23617
20285
52012
95893
22317
46454
59499
87331
95127
99664
41827
91056
83791
46571
61731
78200
17660
41985
76754
87842
31463
83514
40057
31280
55440
71517
63454
79720
33344
93050
37538
29207
18191
93966
55306
12701
66783
80324
85512
97338
93930
14887
49467
63587
66954
49274
75945
16991
56383
35506
76625
56594
47692
84922
98301
43161
54327
75589
74474
13374
34254
85045
91776
10044
19563
59585
14549
95810
85165
96207
59692
68132
69087
15306
25581
45296
39185
90102
69549
28145
38685
65440
91685
89086
23218
14364
48643
24399
31341
72146
22139
32390
42668
38968
55065
15232
72741
47363
30423
58336
55700
85854
51404
92605
53684
79077
97385
78258
54981
82593
22546
78121
27349
48126
66005
35932
14356
26029
49358
27792
30053
37024
21954
60203
11281
48694
39135
82578
34172
17565
28075
93870
70456
38279
41630
43980
92065
50594
73696
87733
15606
55004
62738
99789
42734
28290
96042
30105
95148
37176
21264
58504
46474
56421
82697
74282
86220
76937
76791
24948
85158
11279
77133
57453
59918
13946
62275
75901
91361
58963
10267
39255
64675
82550
49816
89886
83681
55360
85953
75983
96339
91952
10532
88120
98932
54623
88782
70502
19771
30283
79208
36096
88388
27326
14491
44504
67442
34695
75237
59460
69779
17934
24894
90405
14698
97679
28441
26733
92073
70680
74147
51720
60403
83855
75758
43677
36044
48153
95414
77675
19951
87053
78237
42519
22149
89867
65098
49974
52274
23829
83914
14783
79101
32975
93378
94260
33404
37406
49565
61416
94645
77687
65314
16290
90701
59748
99513
56071
44656
37953
68477
47301
68673
40856
75847
82205
63764
46031
59525
25038
36165
98104
73219
61737
69643
29919
93280
81997
16933
69918
74191
60784
62306
89773
77265
67610
11309
57970
84878
96607
47980
66956
40639
47346
86219
17355
20788
25910
96052
23993
26914
29797
33496
39438
38489
61486
43478
25209
61276
11233
54859
38835
57610
94150
62283
65689
47451
78310
98792
76827
17480
25114
20827
54995
54112
95867
36582
21256
24594
32207
92646
61850
54194
12495
91426
69636
24423
98737
48815
45207
36480
43742
97878
19500
86892
81250
73118
32213
49245
55584
80501
90960
74834
65910
11839
41581
68670
41517
99805
41965
32592
76468
33332
76636
63800
60974
69987
52503
34853
94933
41635
79946
20987
98426
74846
98599
84574
62973
99632
19948
26595
60812
53813
29976
35032
36863
