997
92086
68499
13234
17502
32115
62795
54278
53976
11619
54410
76422
41264
17376
99789
62048
49285
87029
97153
68147
98643
60005
70210
26295
57570
44043
76077
17194
22004
99679
73968
34520
73622
18754
40790
94455
58425
72000
90594
22423
49509
78376
69385
91366
92555
94549
60486
76330
59707
91236
74474
90555
45797
60149
11155
37652
28518
74378
49078
53639
79573
78188
58464
95788
96135
77857
65486
68288
96567
13733
34698
38352
72394
64953
32650
51252
20582
69395
90156
90105
86067
78588
71665
54596
28531
17467
33012
92654
74335
65646
32404
74291
69396
41369
23230
71671
70708
39689
70117
40000
93867
49618
57879
65244
47682
72668
85181
27196
93484
66536
29841
18332
15389
94660
73458
50223
84342
41776
64815
26234
76562
59144
55430
72676
53430
30911
82600
70881
31444
78388
93707
74146
96447
49544
81662
61049
65994
12296
84974
45955
10478
72530
29888
73262
90079
54046
79182
69894
15608
53484
27735
52428
77632
25636
40844
20620
13973
29465
71940
86744
17028
48761
76688
34026
96501
60934
13266
15394
55002
58846
71482
11361
97122
17741
76162
16419
98006
24520
90535
34064
69246
78642
95130
57990
33817
47335
78126
74567
67363
61357
22489
67140
27970
58004
85276
98027
58632
70509
36646
19709
45694
14988
67115
35840
19506
46794
91746
43519
21741
59634
82103
61561
33905
82558
95987
95791
90897
82825
59220
96167
44456
24186
99487
98949
30727
25411
81661
44286
62586
65808
93716
80231
43554
72384
60117
72291
27996
36784
62600
50208
43035
51224
28397
91958
50107
21843
55868
24593
19259
17460
82729
85426
74942
69000
72209
56157
43662
84147
55508
43530
42772
25687
11622
94541
48377
84955
91149
99414
14632
36701
26218
26110
30503
11174
90184
72063
49693
38565
12986
77290
66556
15560
84739
60452
10496
44381
61651
68647
78584
77057
10748
57411
90871
35853
97599
46457
60671
27393
50955
95995
86760
80892
79107
56311
15240
23706
63482
93886
66702
57431
13975
80308
35130
65420
49333
58913
45053
80601
39847
27885
79886
47187
76927
12263
35404
11318
53216
10353
28642
23510
30661
98395
41718
19706
80232
20693
17399
74787
91436
98019
48489
40573
98042
36625
35294
92500
17591
67769
46089
99879
61562
58875
14567
61274
19293
34074
31639
62105
32131
84281
79804
30955
67503
62479
21796
80957
65378
73033
98544
31748
82070
13050
83756
24878
13262
95314
84999
76565
42315
51754
11145
95245
21099
52724
23174
42487
47800
50071
47160
39979
21510
95960
50693
91524
91256
60294
70101
95924
33078
80452
86384
32092
26323
10731
30521
50975
90429
32584
20638
82592
76277
45983
50205
97007
37822
35911
74761
63744
10329
60684
40547
79734
70559
35973
78991
89335
70951
32742
43380
37047
19092
45069
61411
35324
90561
56762
62138
48984
65743
92590
70624
44500
81947
15276
79576
42121
25429
63876
48108
78986
89594
66916
74808
58801
65555
22016
71333
61659
25848
45589
30904
39165
76313
73494
37549
96650
83405
59799
88794
81168
35430
96022
14107
38700
73014
20653
44226
36228
66384
14667
35031
85441
57478
10502
90932
55528
88819
35826
42457
92588
11366
36119
63455
77814
22419
39111
90482
50040
24503
56190
45859
33975
45948
19139
93228
94076
21959
18709
22234
31326
59807
81546
27066
44792
45028
79637
81601
43376
39753
18319
79262
53365
12989
31913
59089
76260
55024
12428
95302
42397
75618
73283
11140
89439
27863
64137
45195
21725
50404
83622
32573
89404
53435
91476
65204
41175
32345
17200
74371
48363
58356
11774
90683
97472
35246
70132
54562
44026
12996
95906
85389
61587
68802
82769
88742
87444
78087
43022
31033
28343
27773
43933
38313
16968
11135
85752
39544
71293
48659
73705
26450
41870
55189
68173
50088
11662
78923
88484
30796
61977
28419
77615
48381
23397
14974
48998
98833
46412
88624
65902
98538
59745
41205
24935
53174
56250
61520
49860
55337
63328
22607
81791
38328
83940
45828
48656
99675
10788
35074
73984
84840
94156
46702
16979
37202
36005
29658
23828
51896
60574
61847
13038
71977
69269
71979
62120
35013
79327
28100
34617
80411
16005
79464
68948
11976
44826
82988
68296
37590
