997
46808
34199
14468
67911
11001
54449
11093
59158
88111
65091
41505
82618
52878
17876
34153
68497
63677
61292
37392
35430
15420
26889
44701
98563
56620
10395
53633
76094
15489
73359
57552
11244
91455
92882
27404
21300
39122
89563
69618
94929
18329
27557
28363
91785
80468
26783
64885
63071
79339
72587
47968
30010
85286
89349
10529
14172
42863
89458
81344
44356
62797
81508
54804
39969
75189
74826
70964
65123
68512
88147
55456
10249
18202
95537
13228
83051
21508
55024
57933
38589
50227
48864
56348
41041
46138
25655
98283
15472
22051
30642
82721
34803
77092
81687
21535
99233
48456
51396
83231
71855
55965
22403
82857
50835
86438
36301
44689
12363
10499
67791
16553
51189
82751
62689
78584
55070
52232
48138
14074
39839
29965
43461
72154
34155
61094
50229
41178
94573
47065
67562
47825
86345
56566
65013
35931
32720
89940
72811
91744
21752
26313
74040
70391
87519
53090
59661
65997
55192
33162
28047
15691
17972
87502
66843
89550
28553
33292
20663
68985
53824
95520
43789
28763
94406
58649
28559
78445
41139
40145
79921
47695
59001
60310
88115
23634
99487
63983
35082
98371
67816
31213
64542
49134
82992
79971
94440
53360
84524
37681
17930
37559
85675
90780
35627
37372
38542
85881
90768
67137
20108
56974
98056
63287
61757
88015
68619
16884
65399
60462
42700
61841
29302
78242
25537
66109
94276
43720
87816
45212
62788
83921
13873
27289
78244
66340
38145
68800
63116
67290
92138
46046
37712
44523
68884
87307
28434
39736
66619
54183
15592
38744
70625
15337
30988
81644
92877
81200
26533
23095
44105
35797
99247
38459
35475
36592
86018
55470
57379
34628
42006
60417
50773
95601
24522
51773
19850
76247
40152
70283
75291
13803
63516
89335
52574
21406
32681
93947
20879
29892
96739
30717
54887
10503
17057
61250
86734
26218
81095
22087
18050
61220
48280
17276
62246
78380
73455
16010
93353
59680
95809
30072
34567
37215
66801
37187
14989
74914
31650
38894
26800
76335
32018
33044
35297
63343
21635
10919
43020
44765
81865
34587
57422
32883
28327
39482
64786
22251
69713
77396
19695
74707
99583
47839
79440
96074
61020
15088
96943
12583
68277
92190
80961
61241
95107
92816
20627
56726
21026
88022
93918
76653
14756
87187
99158
71067
89873
17777
16487
16963
27903
93837
11971
26417
54327
32890
58691
53312
59873
82915
51884
13714
11978
77062
35568
54954
43785
21902
70782
29249
78518
24357
84640
20251
92219
17585
61007
91014
75539
72857
21475
25522
34234
27990
38048
51841
44882
31705
29365
66595
85528
31601
20202
12944
51111
40731
82594
82780
91549
32152
64627
28132
99507
14607
77560
30581
80143
86165
83911
73951
72962
44202
70179
70449
79692
20711
40903
46175
25316
66844
44436
77507
38871
85659
57601
17787
10351
11020
60302
48076
91577
75338
24766
95976
47877
79351
74915
21032
48404
11428
55393
68169
93586
94828
71483
64797
70287
42270
73246
77224
98548
90182
93183
18790
26990
13621
17253
63538
61888
90556
72548
21654
59194
96666
58866
23877
93158
49512
74124
50772
68738
59516
86868
70053
65712
97737
17609
31477
94193
83940
67132
91735
86920
75995
25604
56079
14265
30488
15169
