997
66936
13251
75085
53399
54706
77740
43445
34626
84792
60791
27385
61536
58194
73977
43631
86304
78459
32230
84104
21410
53162
62347
61926
56082
96692
41978
52413
45330
14331
44339
68461
73709
46882
54311
74535
70192
62206
51282
84078
47799
28734
13184
59170
33566
81746
67200
44609
34977
60093
81128
92209
90212
66562
57953
93214
54710
73229
11674
33857
37032
42365
73816
49383
31779
94642
76031
12598
82862
55488
40448
94092
16633
71217
70543
13836
38314
50022
71327
40833
51257
48781
81463
66581
70624
52441
52482
83858
98344
69840
52689
25057
17011
42548
48536
42176
24957
76338
66325
91687
67624
31339
56012
94302
43410
40108
34963
99242
74347
64124
53139
79924
45810
67009
46339
94517
38554
39689
94050
73991
19990
35499
92098
18179
14358
16500
12826
57878
44150
31755
88458
46436
25885
12362
63044
96353
21822
56784
12269
51751
88937
46345
25079
64553
44689
40592
60625
80912
12559
60552
20099
47850
96620
72346
43013
75035
81550
35626
19787
87344
73174
94396
24375
83373
79868
27751
64561
75417
70156
11677
66309
24627
91443
90021
51054
14527
86662
95794
44765
85410
95059
59938
18750
48087
77215
88557
64143
21937
24752
87955
71336
53861
84958
45861
97574
58582
62200
17240
92109
53198
65663
30653
51003
58463
82890
41591
21795
71291
24701
47539
85515
86384
97473
68837
93330
85388
15359
76054
32112
10855
94796
46661
50578
87740
90927
62477
18438
36360
38594
85553
30668
10681
28164
57659
76142
33719
97846
83643
25972
83524
27282
96179
33983
32801
66582
25229
22547
60837
72739
46508
94004
16655
52606
43703
89572
26170
84290
22706
64987
37511
53680
23794
31821
80139
60936
76759
16531
69785
10379
30783
71243
54295
63175
88485
16663
25433
62011
78426
59896
59941
82198
80258
83197
27192
14078
35419
87768
27043
55670
18604
72657
14375
77500
50190
19597
96156
81880
40819
40469
34624
52705
15660
53602
47207
45242
51944
78308
68906
74968
26474
41185
70758
17574
96624
52585
95569
83020
76323
36370
88941
86419
29742
20552
64792
39333
32340
42974
46611
79710
95470
92551
95292
82386
14013
61562
24668
29391
88965
12076
33131
10268
39524
97801
83680
54506
19449
44733
72883
33421
39673
87559
59291
72648
54314
67827
32599
48592
53418
56670
91128
93986
12479
32865
23500
84855
93605
49788
30589
51167
33842
33205
84486
34855
67552
42722
65679
74115
50543
73449
16558
29252
82886
16683
98308
62953
57973
95191
99889
30795
62082
74259
43301
23902
32476
25769
13095
32785
85623
66520
19002
85721
79866
10802
30423
91882
86051
91868
29121
95002
95105
11324
23419
16406
23874
24946
34663
64306
47254
30432
87342
34882
65745
19303
90053
69544
77505
46445
42988
18044
90734
22755
46313
77934
75677
58553
86473
10137
33095
21381
18680
41244
24650
37807
35685
88761
46365
32095
17854
38035
62778
18640
37798
36486
25703
46656
35420
48285
78874
72467
40930
94510
82811
62516
34726
46597
32718
13528
28506
60795
29961
77286
54794
14906
68325
38765
27257
69437
38598
70829
49932
69040
30541
94243
32563
84934
88570
78442
22635
50354
52148
51503
81266
73287
69204
66859
53153
93897
50886
94838
30663
15463
96815
85153
37359
94268
41643
20224
19978
13295
88519
16192
21943
55256
16328
59220
51046
59056
42620
74773
51085
98498
78510
21403
51470
63428
40852
50589
72725
17518
84687
16012
30452
33807
55381
37996
95881
74193
65627
59586
15794
76910
83030
93011
68684
40069
96967
18924
55717
87319
68981
35901
35124
51722
34438
57854
63767
67895
19838
89581
16564
82287
68767
90142
59385
60658
33184
12511
10106
95273
62900
78317
65184
13339
89999
69739
30280
62346
63290
66486
82099
85087
34556
37376
22344
44153
49877
74127
27120
43255
67270
70461
62051
41337
58853
23633
57094
80604
48798
51518
84445
13546
56450
38702
48072
79095
41109
12907
70030
30071
14100
54656
46491
63794
72060
12748
87968
73138
96487
43765
67339
18263
26413
64471
61961
36438
87002
81822
50867
79117
42114
90548
19836
86308
91923
35981
73952
69570
16615
63011
25853
27937
85969
74606
48598
98942
40679
86037
84728
86189
68784
57315
24532
88641
32124
32951
51999
71015
85599
55934
78194
31219
41892
21680
56191
64758
78752
73570
89228
72559
43065
33965
42218
11935
48147
52331
58550
44828
27496
48063
25812
51756
78358
74905
22795
13584
30363
27670
54194
87429
88739
51870
37489
12675
29646
97071
10482
24912
31089
31789
63498
74010
82596
17018
18015
17084
53018
17629
90454
45025
88071
10938
57641
32492
98078
55235
57507
36576
96998
23587
26940
81844
51126
24894
45884
67101
56523
96550
72786
63635
14127
46316
43977
70651
59068
42927
38056
60875
87655
78931
59493
42159
69675
80159
80294
97711
53825
27386
25544
58716
78746
93817
65952
86322
21752
36937
55462
56914
52076
23026
45529
74464
15200
94849
63736
68311
61543
39952
97624
10134
12747
22534
61192
54090
13679
99570
22541
50779
81378
20935
83866
33482
76572
24211
66922
82455
30839
59517
95883
39966
90178
79966
28265
92046
52363
34238
97383
39483
35099
38192
81557
31173
42230
85454
78860
49013
97971
14745
87208
58207
62854
36696
84629
59098
27377
87613
64154
87728
96210
52861
64942
27838
37046
28415
36079
52839
96851
28149
46641
79609
32643
16602
26578
41439
53044
50440
27818
64817
44200
