997
57443
53590
21439
64527
94441
42270
44383
17838
89531
33386
22710
24514
11107
49568
97377
51011
22184
36139
98616
67690
51572
94312
98500
83763
44502
71034
41481
29147
11063
49973
54229
32275
21174
75356
90458
15406
97213
98200
95083
31494
96022
78956
19569
19102
51825
71054
90835
52269
39918
64582
55720
12649
98267
49080
31827
45336
43795
51109
93780
23920
10814
72722
26170
29003
15917
59094
29619
99825
32261
12340
72261
49594
98686
20278
55067
46583
36775
30543
46698
22464
34468
66837
69720
28953
89798
44580
81619
37377
50090
80817
44473
46250
83215
57181
57444
86087
53641
42011
68624
95227
92566
42221
79369
18577
33432
79220
88403
66494
44834
79337
99439
83772
53482
36056
85696
52385
27596
10966
73298
71039
72040
11113
85410
10627
19125
90544
91247
95468
63909
75696
88079
84446
53496
51979
31975
16610
70869
29579
84399
95864
80097
12090
29318
65862
85650
26677
78098
56502
70615
12270
30554
55560
19679
98205
75208
84067
53941
69722
40092
79209
62296
92134
44173
98318
60239
64462
69335
23402
41423
64947
66372
70070
38308
30571
72885
56009
96904
61498
84564
10011
35801
31522
34608
26746
54807
87988
32385
33403
21762
68966
33508
64106
98728
95042
65270
11889
46286
94417
36670
84873
11624
30503
16755
50442
69247
47643
38300
71424
71417
65057
72169
38572
71730
66096
78613
93388
86083
48932
35194
43562
96829
20781
95436
49837
48850
45794
73005
63501
97391
84199
31672
90850
90863
26351
14500
30708
11817
78915
33892
89357
58436
51287
16381
41253
90771
59051
52512
88987
50247
93937
96092
89554
95466
81103
77781
28687
42173
40838
69169
34605
20909
79350
49032
23047
79927
84928
97459
10407
63390
19528
29687
69183
55696
50014
50785
61815
16821
31003
62557
99975
38234
51352
32067
60475
58310
51884
59203
52228
50497
67989
87450
62922
84013
60828
97135
80780
56240
87875
16361
19947
81376
26573
53315
91834
76666
75187
76937
48077
77132
44623
54800
32844
44552
95070
64192
92391
17531
53704
40056
69357
41086
32909
75261
12358
17359
38139
49055
15997
43851
38878
57764
56122
93502
71246
60577
22781
68182
42852
