997
26062
85393
33032
55802
54428
33851
15486
85184
12533
52590
71540
28066
69551
13745
97756
41597
23253
37040
73333
52886
86205
46280
26287
85399
86134
97432
99356
84783
14191
39642
20186
19868
99044
47267
57859
96668
76616
41180
47620
81636
13737
73078
77802
89573
21674
25920
56281
68581
63706
80911
29308
68185
22824
83434
74410
54146
56607
63663
38316
66908
87907
34253
65514
45537
91456
22869
50917
89501
53078
10618
28373
13168
69079
51332
36613
52480
97449
44808
23021
30960
70671
46435
45599
71903
22736
82847
40791
69926
11406
89467
74852
88196
10983
74183
76436
61129
69994
28196
91559
28496
51404
29715
97706
19573
46554
21367
14736
46772
18200
27118
63669
33604
41513
65327
54912
60835
40955
61998
29267
84757
55632
38089
92036
84889
36033
44133
20684
74422
25566
74177
72702
32745
47809
36959
15716
18425
97239
32982
20004
72364
62652
42268
43918
52449
89122
79597
18167
42841
65365
28624
28138
27110
52058
20787
96769
88242
56631
59204
22748
88308
89566
87880
77312
69779
96711
44849
88891
65867
86857
49283
19154
47506
93797
32806
42792
82715
52603
57709
80566
12692
55100
12938
72638
24024
97796
39863
31326
98152
74399
67489
86939
89098
37056
33388
27290
40853
24667
90531
43875
50690
91664
36499
52470
48983
18245
23603
59955
39516
46437
78034
20380
93668
82165
86669
87191
43946
35336
97282
86464
47513
38138
40777
15021
50984
80303
32409
53331
95748
17845
22794
63328
70108
49257
65224
47566
43120
75858
29981
89726
68807
51742
51623
52954
89815
37865
81948
52893
65862
78349
72970
98320
52849
10244
70420
89626
87768
94334
61014
17593
17661
61969
51259
68463
54416
11164
10593
30231
13081
53326
61657
71757
59965
74173
84935
30305
37626
86070
76323
22006
36663
51100
92905
33590
89204
82657
24022
59349
27275
14931
84694
79183
97455
43066
73742
58084
56706
81030
67382
30322
96871
29820
89980
50386
49786
36218
52619
23401
34629
42990
92219
19988
92644
96102
20716
76125
85765
44102
88175
13209
96424
74102
80816
68410
77889
91952
79120
54003
60152
59775
54986
62490
37877
61057
39739
42144
64478
12133
65831
49928
58282
97484
15512
42887
75183
64431
24557
23902
39055
36611
46459
48672
91352
62207
76849
24101
39927
62339
31454
70830
17474
13883
63611
44385
60425
74623
89686
43365
24239
85586
16783
97614
32933
81921
55630
15139
94491
44866
76794
90922
31621
99633
31449
27431
47368
11955
30080
53221
72386
23813
70754
43856
38814
75374
86428
59885
91920
32136
55140
69598
42638
84459
17467
51937
47645
59997
29417
24505
18112
15644
69292
66365
20908
63929
82260
67444
29199
41158
24364
61733
65294
20876
58886
62812
45741
17717
78781
19612
25185
56208
45127
17570
56410
39948
20183
14153
48603
85177
52506
22406
56429
99986
96581
72468
19114
88712
59256
24399
86839
56142
67995
26911
28150
47066
12510
78489
81196
99722
27249
61659
37647
28931
48121
22958
20960
52598
26307
66439
58416
36628
30234
25202
80184
21952
69933
67178
31214
90336
24764
12389
69531
72499
87049
69333
80452
94547
20587
80114
10986
92937
22480
53922
35943
99930
15666
63099
30576
52780
31721
75722
87662
36038
33094
34281
93773
43648
52439
95277
37351
20262
48660
12407
15909
44342
79982
43380
83814
40173
98132
30923
52121
43692
24641
89026
26775
54481
43088
69720
15927
53987
44122
63768
98478
17157
61111
53515
11826
24619
88460
36704
95275
49875
84133
58675
59546
29090
68469
78049
83475
69322
94199
84883
94335
50460
22505
77690
24739
35284
26973
45959
85842
37267
57407
33794
30887
80251
32843
99394
35783
10258
25174
99114
41340
41191
18889
81863
55828
17608
88034
14095
78727
81416
32810
55659
43021
51038
53835
24387
93824
70265
72162
67897
78518
32590
17983
99119
58709
98047
33259
41799
43479
95050
59886
67036
58063
65116
21968
34364
80309
90362
32360
26653
75624
10231
17419
34990
24601
22553
30921
22631
24716
94526
14250
38056
33670
44796
65973
90542
47463
84652
28501
59796
98257
12447
48398
56731
27834
97832
86316
11971
92858
59103
38687
20216
46282
69131
41949
19118
15094
76903
49918
23906
97755
16539
92871
20051
13003
25763
82981
31584
11650
87376
76880
72214
60739
95656
70032
86792
56698
16385
87158
70093
98547
42380
20819
99418
75356
34729
72238
10790
50400
33124
22145
37366
43861
14642
25994
46290
20512
51889
21186
27255
57679
12712
93432
72620
50727
85226
58723
56840
58788
10635
23230
74841
51223
14406
72200
72303
78786
27784
96569
63936
35911
70215
51241
76041
81051
82775
59665
38462
49341
22561
11511
17065
98635
30395
98497
20998
63942
10438
59065
36740
37480
34389
19189
47617
56315
21294
62720
28452
55281
12676
98201
65064
62170
78405
96523
12248
80099
96527
24855
75965
20989
13577
71391
70351
24526
86959
54881
75641
51686
32658
33909
47601
87996
62983
31941
77809
12640
49120
11547
82930
50728
26031
97119
97332
56338
80672
20888
14373
97136
77470
87472
50242
15234
32110
67505
59112
61746
41599
42832
31231
79689
85127
69448
20813
72697
26857
68979
59810
45089
33051
65669
45372
82188
87576
21933
75297
90960
83403
19229
99149
88305
98690
88170
41244
49500
91470
79307
46952
56066
25961
43669
92903
53271
24414
40890
78002
74594
41631
91131
92279
94381
73117
84750
66407
30672
81534
18689
88134
93918
38906
35170
94739
45373
64877
79344
94534
34280
98656
85975
36194
86966
61035
27729
29419
15225
80110
32195
40745
48089
70954
55324
86916
79161
83771
70432
94315
67947
73598
27283
91517
90286
19111
97331
89444
58572
11727
10973
41326
49087
15713
76245
90372
42977
75029
69303
38586
17832
83945
75683
28861
10068
60686
89149
23202
15354
79526
78137
93597
79917
47276
23645
22789
24043
15204
94546
74397
33724
90490
28035
32782
78308
14190
76975
64890
25277
61034
35190
58862
95442
27831
31818
83451
98782
79706
34788
46353
23324
98051
41831
41274
21073
40748
21791
76891
13563
66104
38948
25186
42923
88247
50265
11038
83627
14751
16071
14487
