997
18003
72451
26279
13969
56746
28240
82712
63360
49265
37722
61335
54064
46388
14063
68546
53735
28317
15155
34384
86417
26671
61917
97671
63034
45152
63441
36404
63058
61096
59586
28171
22622
86425
91091
96766
50904
77306
97105
76225
39038
30301
56108
99279
62226
58677
92160
14781
18838
43096
90689
96715
69670
93227
42448
65099
94687
82431
56231
43545
49496
79383
87716
63286
21463
68099
71422
50038
45798
58913
16969
46261
54701
90041
68571
16429
80127
29341
45297
13807
71272
38976
29694
18345
99139
43578
35584
14851
53602
33785
48959
49152
34904
86116
15876
38711
55005
41849
13055
15216
54477
57790
50663
30074
99734
82400
55833
21607
68866
53631
73132
55358
32605
71802
57081
75489
89423
15247
32422
10817
69276
25373
43515
76764
92049
41269
56248
56780
84012
92224
89194
69648
79299
39771
98067
46486
77782
67977
74803
12921
10135
26456
34189
89490
55385
46231
96188
55596
50901
80642
88556
21050
58947
77761
60146
19765
27563
40655
26350
76373
96387
84389
59563
45956
26403
92200
99655
25621
45855
11711
77035
93859
80406
63495
83972
81818
89531
44301
52328
98863
50821
93619
82443
11292
89250
87578
27499
24996
27625
94963
22394
51518
52236
19927
89559
31736
72122
66210
45220
44989
