997
12262
63309
63460
21596
40464
35393
99936
14434
18318
66587
46628
74715
81786
31654
75543
10360
93197
29667
88394
36545
66771
27881
95305
46918
10149
83280
65200
41511
94672
58645
17993
54331
28388
79693
72286
39034
53795
34480
17016
86627
28549
18738
20896
84652
50244
40428
63275
90632
63349
21611
55670
38647
55103
49239
75144
54116
88544
66263
33186
84147
27207
91475
90073
57981
22949
49174
88250
81319
12106
53869
42258
80649
63959
94633
81445
86105
79015
12207
42142
65269
30595
13636
78607
90677
39700
56917
89994
94414
41702
18560
88752
56794
80426
39173
54683
17732
96845
45024
34417
44790
11381
22222
91628
19605
85159
37351
35267
74751
99497
39732
12092
44233
80263
57552
89120
16707
14968
14105
33544
92670
29241
99806
45190
57106
26190
97071
38736
56344
51439
27054
26225
85058
80256
43769
57112
95386
98024
93617
97674
84368
27918
94421
52542
65776
38539
31080
94149
17665
64865
17196
44382
20596
75304
92202
10307
63052
74635
50878
57309
94448
15330
59555
58554
83757
55319
71972
13033
74778
16084
67414
32842
19903
29387
53737
80305
77801
19575
92501
38319
48947
80434
61025
44580
97484
19022
11819
42408
13997
81656
37321
85788
63924
46329
59061
33350
40817
73533
24896
13070
85430
14315
65583
39182
19997
19564
29146
39873
69425
17013
38364
67685
70491
96470
17834
72083
71203
91733
31144
22391
92438
29120
79364
36254
52348
69196
24961
15258
94785
89028
98276
11202
18710
11129
52122
80166
68720
36725
88373
92091
11656
41153
58867
38651
70918
82008
66365
54374
49011
71441
23998
90264
29454
92576
44056
62844
63943
73832
11210
65652
76182
17669
33209
50476
48139
69836
62714
60774
44461
40742
84339
45593
55131
41280
53129
73758
17097
61590
53337
32766
46761
50018
61233
96721
82159
16290
61003
93217
40883
80369
73060
57738
40932
85956
64859
92560
74249
26880
63798
19386
27416
63816
71073
68633
94496
85357
77224
81705
17527
96525
39395
99929
53508
30870
33505
43003
29537
13378
25836
66611
54052
45866
77423
52111
56750
32133
34793
17490
41923
45308
62395
82969
25853
24167
50495
99068
11843
45932
65181
85927
91893
19404
51763
48770
86145
11184
53467
83128
81298
55344
93292
15305
35464
11603
93696
91096
41703
73994
21382
18917
59687
62266
49719
86813
58805
19300
56901
28218
53328
58106
18183
59201
16541
80431
74543
27729
50856
46119
93413
68662
33826
21086
39109
30797
58714
35761
68234
25781
95984
35491
32841
82770
34626
67793
25281
88767
86696
79205
66833
76246
44127
52550
69876
81778
53832
21932
24483
71084
72801
23045
56171
71403
17202
53678
27488
60002
35135
66816
90909
67492
46589
34998
94439
89606
60764
37893
26850
90424
26412
24389
29851
98990
43518
98131
30603
45072
61656
63333
79029
12372
33310
22407
51498
63528
47476
46204
19397
97196
62289
