997
21043
30819
72123
50155
76284
79550
59425
19966
89927
36572
16028
89163
50053
18826
17059
52903
35023
57176
12802
79184
39691
32395
26233
93242
82126
70195
90364
34709
27986
10562
71117
18109
64721
70655
27692
19538
41273
75128
46238
15629
41321
73508
58937
54586
21190
63004
23863
83291
22216
92711
37364
24235
74171
22311
43903
86506
87782
53615
99310
47254
40421
47280
42533
43704
31717
13353
74410
62158
14733
49658
85693
64017
22378
86270
28207
44704
65297
14937
51378
51400
27978
23687
39160
67873
28848
27315
38366
78039
71175
24861
85214
48846
97033
49294
98417
39433
61020
30505
95699
78671
58474
39813
47840
98517
61420
20536
55579
62526
14564
43440
80073
22201
29764
68967
58888
81283
95377
61222
98229
75226
62715
67719
84266
61807
99181
97240
10827
15603
66965
53816
51783
68242
40304
53820
72241
84108
91359
38180
21661
94704
59637
89811
10591
93241
86746
46061
20822
68691
60330
54452
93316
66001
80734
10539
46815
84141
99507
74622
64661
96561
41486
26521
96459
77002
65300
20702
17524
54640
89077
34433
63459
62909
46203
86265
18221
45356
95361
92327
31981
58506
15205
73215
70306
51610
19034
36689
16772
48836
11170
89358
21821
20951
57347
18167
90834
78872
31084
18998
84066
35988
61749
39558
57544
49388
91221
61940
15132
78527
54510
28048
47649
71334
68001
95026
52710
21590
24383
79405
30486
12944
19857
54627
24773
79229
85841
73366
65572
60005
36834
93648
48344
46018
71037
62788
46247
24927
79706
22484
33217
12248
89646
73043
17514
36771
99112
71648
91103
83661
55601
56067
23796
42421
32216
53982
58179
16919
41487
29051
19344
34828
73768
75978
66233
66948
24161
68829
20180
52992
69575
74480
19379
91623
74647
22714
37748
32696
60660
16454
17763
16957
25251
56024
42722
57364
81887
23191
63672
87457
52228
67547
69425
95630
71647
24848
94666
21530
47421
11314
66944
88683
93501
29246
46252
72642
93209
67323
66541
98475
28503
50081
21702
24469
24425
12873
42124
70314
26439
11141
42758
50774
71361
23856
49907
97377
78176
43179
75040
47044
27592
67595
75501
43099
33557
74286
15445
79974
23221
10456
82098
89903
13446
38310
91051
60884
26944
65351
77132
51268
66263
10863
69019
97527
73653
57560
63065
21531
14176
17601
87287
39143
47758
84331
47509
93435
16552
43665
51786
32287
61199
19272
17747
97279
37503
18844
12734
44875
72880
50864
40461
18180
51655
75088
45818
96331
11134
98330
21159
50321
18064
47677
31649
94275
23311
69479
21949
94850
82887
28947
99446
22831
92905
35803
59856
54797
64003
30729
78957
87126
91366
68132
93460
85722
62349
95461
11912
44445
63607
33072
96152
34552
15016
58631
51769
47165
76449
98442
33650
38965
29236
38714
69214
27039
95852
89302
82731
73656
90870
97581
96284
15436
93727
76144
70162
24864
86027
86592
84480
79358
70888
40195
71811
36257
94578
68455
95899
58075
85708
92865
92601
93249
79638
80748
54631
13419
94559
96778
18332
26676
34872
50596
80680
49054
30815
62238
48548
11400
70954
67602
18968
80904
44775
14997
84205
58197
59875
29695
32982
65657
50269
80940
49924
35218
83276
86533
95293
40773
52390
78952
55527
54804
18331
95449
78180
70524
50181
65066
83726
86166
39938
38047
58664
63089
45052
13325
63926
80193
28967
30042
32972
85038
80015
82508
92906
40539
82751
87715
13093
93974
83996
78133
39194
68640
29288
95555
31017
96666
68331
68286
25962
34684
68882
38046
80282
78660
20754
32933
64081
82027
35996
70320
50012
42652
26907
31444
97386
27570
94049
49809
83338
59981
84510
78437
35350
65771
39031
38506
55619
28350
22310
69945
63436
63717
12838
24580
98599
73387
55116
35862
55732
99011
92749
19159
99432
79382
15294
19038
75238
34651
30148
20783
82155
88583
86529
27007
89649
74545
57764
89031
99231
37915
66166
74895
42621
68405
39910
62782
77648
49403
62854
14279
15945
20088
47429
68211
80446
27837
36610
49721
38063
98886
18899
75661
26654
14784
48939
12736
28680
85469
90800
97239
36911
68852
38266
77975
74122
92151
41359
64042
61791
59479
89798
85467
84020
97491
66530
80325
28958
51858
28991
75831
23469
76917
45448
37405
59459
27925
13320
49493
76002
19711
95183
21142
27099
57781
83077
75063
28832
42052
56133
53744
95014
40393
49279
39348
81398
35752
73174
54473
20660
53454
37750
62537
42084
48312
93787
38066
66256
23404
46853
92902
38604
96665
41517
50746
44648
78475
95116
39193
81861
41598
58546
64762
20441
76742
23847
98664
48737
80597
49646
82629
44401
37115
74056
87474
92638
56299
28925
19512
87468
12633
71053
74381
97031
38154
48016
10924
16218
88565
28138
68521
68215
75353
51321
44682
72700
77101
93225
71581
83104
58848
53627
61068
36464
65623
62485
17754
43820
81860
69430
72600
79253
96916
31907
23213
60925
40548
29080
47187
87795
72404
81794
10694
62296
44760
85914
59694
67344
50179
83422
54930
92667
57542
90167
43693
47958
88839
66652
50557
28507
18988
47076
37854
95684
99932
83975
24391
23664
64554
81456
30608
16970
77482
45966
79088
57627
74736
66552
74402
56512
46954
44026
51363
33151
85714
18367
83789
12115
15651
68280
81232
34567
81427
32538
74217
88720
11661
37328
22517
99387
73485
94155
73813
31385
89788
12955
14862
29628
