997
83139
34121
92524
79206
73193
44601
45761
75299
44273
34377
67445
68221
58130
56720
46843
73290
82750
30939
33173
21074
73623
45743
67110
94837
78672
32684
36178
95895
14902
16033
48509
70427
35281
61323
63288
61029
79893
73588
30847
89428
80605
68634
95648
51862
54483
92401
50952
60699
37795
49209
88773
72448
50717
42109
10462
34715
76089
95845
97865
79475
70756
27109
52411
28872
61761
33693
68075
26416
82224
55036
31429
64845
13774
94840
87309
66052
90027
38022
43696
37750
21830
54305
19786
87843
96645
42823
53942
82870
11049
22870
65111
81525
55586
57568
63321
51186
99516
76939
28102
53089
93508
56573
24755
70874
94284
99675
41487
60431
37641
34694
63265
16882
62098
80038
33992
40968
68907
41633
11670
36986
30255
58939
88935
27241
36880
13943
61614
76064
97312
51431
10040
94691
15069
87213
47168
41174
66530
26565
80512
97175
91517
16618
34859
75886
11442
30312
17983
79228
98883
13526
92547
11238
36898
16499
93597
67315
32243
40981
34409
18535
39891
98710
88317
13789
83361
49222
99556
28586
12306
92548
29241
79767
38332
72796
52870
42462
15840
91842
94864
28596
60255
46454
24663
28208
25790
76430
53192
14615
23661
38246
53168
65544
94623
16230
12367
71325
48817
67320
84535
86248
64881
75471
50074
15028
12451
24502
41733
60238
93387
46680
16009
88126
91161
75102
15812
63213
87767
69658
45475
72484
12975
17966
42074
68306
22245
36759
80934
67099
47469
70225
48845
35590
69851
40369
16386
95374
12474
56391
57677
