997
93117
67891
91451
36109
23487
68835
31681
41782
11932
86037
29383
83125
16120
47509
15932
28483
54211
25132
81956
74502
87135
77973
32394
44555
20141
32503
75258
60685
82356
22139
85134
80373
98639
56418
44726
72464
36199
63793
66588
96439
91349
21162
78481
16177
74464
18379
35211
81128
63957
44387
95642
26814
95392
68271
15366
48864
77282
91047
53831
99709
45794
18962
95187
21671
21664
81417
84964
80704
30654
97776
91464
97081
37103
87901
22434
20198
53460
94217
44164
64175
15839
89755
97816
26446
38177
91184
38892
81993
69426
94818
91681
16250
75514
49195
97551
18369
82602
48855
78246
23027
99530
40001
63663
82843
43180
42449
76561
34522
33290
96257
84537
46858
90165
82259
89917
57445
64512
55769
63701
15964
35430
77090
93139
23527
28172
79086
84775
80311
80035
73432
54534
49803
34736
34231
47778
44194
96641
89649
88647
39658
86928
70190
36856
40462
37660
21244
44419
78757
38563
80288
34081
12738
41824
62804
42206
81542
95503
23594
49715
26872
25609
90544
21628
45703
61862
16997
43554
95385
32289
39783
41521
60947
34435
71439
75531
74219
62618
18946
51078
75657
83671
55046
41116
18838
52243
80388
48675
66431
15206
14481
38241
28013
82649
48384
35267
29833
55094
21469
65451
55643
24819
49492
10158
15185
78297
68059
41585
80473
19361
42462
14505
70283
62270
84100
30251
50381
52625
95750
17296
94500
60485
11825
88861
15560
70320
33065
19162
37634
85104
92440
71946
63776
12708
60879
20735
57524
49624
18123
73961
15994
28460
17464
46105
67920
93324
55022
69305
47432
65151
64390
72305
21716
48078
50181
74543
65739
58358
71505
77295
84914
86688
65230
39191
12552
61196
97429
20271
87519
80752
65501
34754
62453
48830
55275
70074
40359
71632
92909
72057
86858
50256
97996
13791
20583
25443
32006
63277
92850
85209
21417
45972
14512
15118
30228
76702
68817
81991
10749
63031
33821
67343
29182
51559
62447
98441
54942
34934
46703
48633
22432
65982
13458
14068
91613
67857
49054
71055
78370
61369
63509
76835
25051
64998
11225
21192
44648
65309
20061
89931
82578
27144
79569
77436
16816
92576
92901
82058
91297
61342
69183
37632
46908
76608
12387
79526
32591
49709
38781
84927
80263
11697
88364
87908
39295
23940
15954
60406
27409
51715
12874
44361
83556
93668
39345
29944
95153
43017
60137
29299
80588
38969
84939
14888
84278
50638
78857
25732
55479
