997
73387
39622
20429
62127
82294
15163
62868
54288
91383
71685
29443
99879
27742
91615
81311
37066
39371
50509
65234
35780
70780
17354
25207
72924
37017
19415
11012
75037
16517
10546
75332
33337
81062
36963
87808
72563
54924
73880
74546
55616
51136
82347
20133
81422
91876
68543
42681
99452
14367
16908
76987
43180
93824
97739
69072
27407
67125
34260
29860
94076
80530
61838
73542
58656
40976
42833
99593
99713
41971
55576
25623
76607
80976
17081
23663
22704
98300
58012
48006
95116
33981
41492
62467
47227
19454
31754
82167
62904
12740
56327
16359
19045
34319
14816
12358
59611
81658
94443
43962
98794
14972
41625
11946
87964
11897
39436
68562
32078
84171
52679
18235
33994
10236
41727
44294
21800
58506
58218
72177
35832
19600
99609
66047
58887
20037
87627
20340
52521
59463
73809
32659
26641
36578
18050
77170
93799
75260
54477
73496
97859
98810
69126
58464
75718
33048
46503
56995
65878
96686
92027
29514
36667
21945
46342
59826
10756
25222
45230
28246
62796
64783
96982
29739
91111
12534
15346
31095
57159
50076
12423
70758
13415
52386
73590
11081
15940
63006
57383
67588
19433
34752
53442
57071
66666
60130
70670
18911
15240
96711
51428
17750
40495
40337
47315
56603
74699
16565
74432
88658
53410
67226
74063
27367
86798
31870
11117
62628
34879
86867
27751
76460
75910
15253
96082
14029
16529
95423
13739
81923
90902
56926
45402
85919
43558
72797
15551
63848
44347
42779
73424
32236
86882
28181
75041
52285
31979
40299
23831
18589
97332
60510
41982
23296
97063
47716
66066
87950
92389
34069
24105
42847
41894
92971
77743
39306
43514
92475
43110
61377
59090
36403
28134
55431
95699
33481
11854
48253
67535
94409
77572
99110
27469
59857
84608
41392
63312
83516
83514
33029
42161
46866
43265
51086
31509
85892
95419
59055
66206
31137
66858
29659
33417
52147
74371
82004
82854
82746
95801
98914
96135
84478
75347
87691
84588
73982
49081
53092
73096
56070
23611
28130
13124
31689
57888
31382
70234
29473
59854
50593
58259
70466
22519
61313
69979
31791
51630
44794
79147
11841
66597
30759
56532
72462
41950
96618
11453
54589
14803
53247
26256
50495
45419
99135
28721
19979
17837
62916
17464
20134
86586
18597
99276
49493
48609
43976
35875
45486
40491
62049
87451
18099
84011
22294
86543
36824
80739
51460
82462
62800
98881
44242
44672
45264
49321
48562
93489
93769
47204
92985
83920
88478
85029
92116
40066
94380
10209
97163
74668
57701
85423
64098
78359
24926
60654
43219
18030
88766
73646
66948
77522
48999
82731
76100
61757
59792
56803
60119
40245
15843
38004
60223
15800
55506
10758
58696
10752
67959
46024
65334
57443
86936
23675
95046
70011
23579
45169
37274
95989
76902
33971
96087
14250
51594
43357
85711
39347
82416
75141
83449
56998
68801
53265
37249
58521
90841
80751
87031
56586
69520
94574
23194
90970
13092
13835
52809
77776
55800
94458
70695
69739
81969
10149
95389
84080
80340
21174
15795
67711
24659
45173
99701
52513
14786
22053
98119
34922
49767
30831
74872
70477
13186
37993
78331
50467
26408
43439
13653
18877
97906
68277
41111
41947
61574
81534
63407
82012
57911
87869
38225
97022
26062
72762
52464
37142
27874
61287
34902
14997
17334
59058
14615
57450
27241
29228
63526
69129
33684
32214
63805
53321
18879
11372
95671
58646
14696
53553
68223
17587
86380
83375
93250
92003
17107
95304
81361
78421
17521
19601
48173
94698
93085
45149
19768
66868
85091
10916
57389
56973
25629
29483
84132
62600
33231
75045
75175
56174
51939
11933
48663
26560
39602
54866
16847
36089
88104
19844
44595
20048
20257
59712
73014
88494
88429
36906
35066
55127
72955
76499
21250
93384
75411
63428
54128
87880
38848
21683
54514
45067
66359
51592
81905
46644
35501
37170
70332
10022
76698
14830
23274
70375
47606
58493
92362
60298
16996
51426
88649
62011
25126
96199
95380
93288
33180
75699
40424
67645
18946
51849
