997
10019
26866
98562
51626
99948
33680
80434
43143
44228
87662
83143
12169
94948
46582
13888
40068
82230
11799
26011
17864
46382
58757
19954
30700
52798
88801
65236
12126
74195
12744
70227
70343
32966
58929
17255
85388
97182
65953
62570
20128
60218
78983
60908
97501
55611
62161
18190
31542
18952
73496
50818
98380
70818
45058
85801
31511
19290
67835
85957
28919
53383
52295
21972
95940
14011
56031
31359
63817
75360
46040
51905
68525
44525
63913
88457
13212
66644
20073
72932
46447
62409
33547
64602
46252
80484
51264
89085
66403
93528
78622
89102
24687
58048
67361
47684
50362
99591
93301
94885
98271
81028
76026
88407
39493
71476
43588
18173
33552
85726
31389
17398
80570
65287
53832
39688
82927
45618
57896
31892
51489
13159
36339
76050
66650
64095
47489
61364
57272
69355
36457
51239
55572
20587
99967
55183
76524
13389
90378
26345
75016
95752
29748
74192
76813
34267
45934
75289
38657
31034
63336
33047
97317
37492
29154
52376
81770
37606
60396
67118
17299
19142
21461
56561
51550
70610
47452
49476
56265
35971
77523
64376
72670
93526
44546
40231
31473
93842
59064
11435
12418
60407
38343
96402
32029
38305
69001
26456
66960
97154
22081
34786
19660
78657
87615
92195
46456
98377
30894
22541
37280
18291
95801
88361
83047
56091
35945
67185
46587
38874
40880
24787
86367
24059
98234
30794
47879
87341
97944
58714
14980
91617
73938
68069
23503
74646
97524
94776
78130
96908
42404
45632
97019
23733
42779
12657
73425
35403
86153
68949
34681
48323
55545
15015
98195
62554
58811
85673
71794
16017
75948
29866
73655
60986
22196
68326
11217
72975
96794
19581
61531
74682
85537
48174
24033
37484
95439
51429
92081
60383
92028
35546
67022
19833
55409
41070
64083
28786
65695
60447
50598
61209
11432
54169
90952
88027
63668
19067
53632
37543
39141
96677
50651
96825
65544
90364
47568
58715
98127
92458
27770
53703
80185
14618
44549
33627
96700
86275
53775
12585
68478
96313
72055
14378
44143
18794
58086
42539
29250
10124
46143
99598
21000
63121
71651
45087
63899
73994
54874
80474
74300
89868
45287
71338
93063
21163
64317
68049
70376
50446
87292
44540
83982
47541
96854
93715
46105
65303
73774
72159
82872
24686
73654
11535
11716
22533
96793
89132
41862
61694
21918
50522
91002
80212
84364
89408
24865
15611
82555
97654
37516
20302
70526
38520
30445
10118
79562
71767
22383
83787
77545
69162
60456
41357
93304
96500
13962
21995
30261
54449
11518
64439
33933
36155
52800
55447
58790
25048
28839
68400
12863
37072
39745
81708
27381
87468
91650
14685
83331
93780
84962
74885
33079
73260
54079
96603
71100
82920
82788
49311
93433
71241
23770
99147
30126
74317
37215
13608
95134
