997
75310
20084
95954
72760
44841
38025
73920
64234
32938
39168
80124
54338
12208
62685
66710
80974
38933
68947
27542
56602
90354
75692
73392
26270
69939
60660
53700
71245
88588
23392
46855
27861
16071
14473
47082
93179
73359
71451
35696
47979
29892
77051
66391
43890
59637
91326
32963
67232
51640
35323
96196
55265
23535
68688
77876
21382
53075
83975
74772
12378
45574
74702
72406
93401
54875
50457
67601
86113
31790
77427
52135
82841
80522
54372
12672
87962
18080
39799
78684
24149
40702
40433
47267
13688
11228
55094
25419
54118
74064
69900
87401
77766
44911
73592
90630
42303
65086
63879
48553
63476
18301
24984
14287
15158
87178
55140
92049
17152
34039
99645
49738
89963
18970
95396
49407
80772
31993
61564
90087
11745
31497
74153
91277
73712
66699
46706
85186
55612
79834
11277
66310
74531
12790
10806
50664
53203
45939
77195
37318
25635
29685
65359
45744
91209
63417
57031
67898
83363
36469
63985
77064
36167
29989
64115
58549
41924
12574
45534
17044
97659
97432
48485
98900
64336
36011
85850
65926
66417
48832
53874
92169
78984
13087
45958
56293
11024
63214
12342
47609
50991
44215
41817
28131
96070
53890
24114
86089
51209
82467
63860
44344
91009
49468
46629
69575
76359
77135
38455
18425
69270
19206
48473
95977
82504
28348
45639
62702
80327
57999
30620
41072
53307
82027
89533
19400
67750
64103
97470
39378
85732
18472
33134
93208
84989
70415
11873
98119
56243
27728
85777
82059
80788
62308
58249
71267
68406
21079
67267
75830
16420
99333
23524
88882
67427
87709
95045
27355
10324
21108
21244
27319
34707
18874
41354
58181
13539
57443
26145
71048
83215
49896
84718
26511
12564
81971
96671
55937
58427
27857
51673
38397
22151
80948
42429
22889
53093
88590
92283
29087
58046
16463
12568
19300
98506
26142
27310
15665
72770
66294
86924
87134
86586
93245
98255
14141
12380
38967
48983
39654
30195
49320
66412
33823
94446
92084
62062
43413
28592
13711
43315
36754
48937
85014
31568
45992
41967
38359
83950
93153
96677
38366
80203
83615
49767
58159
11991
37101
87027
74966
81249
29436
93951
26281
74872
50346
45028
98497
60347
83491
33048
81765
42873
92121
28718
26965
99754
24041
73999
22663
82394
64708
48018
50764
69764
73975
38983
14918
89744
24803
75771
83124
59929
56124
83704
12571
58120
74576
61969
32325
29893
29668
69154
30622
26720
57203
87865
41966
95887
14735
73517
77813
21962
56995
55225
54759
10667
80876
12850
62460
21817
50279
17503
78736
24048
35009
10495
91288
92900
48125
61957
43169
36296
63322
74211
88065
37628
60686
75893
89462
11079
99438
21914
56853
74429
46253
20653
74497
48173
29038
30275
66870
19804
16036
90694
31921
79355
50094
87070
47400
77339
20437
87704
67484
93945
12062
55702
41155
18225
28206
52467
74687
92611
33288
37403
78054
62776
60891
40585
19323
32130
41374
70133
48793
64822
65082
60881
32838
76826
42518
79832
14375
55546
70086
35135
61292
76522
72895
57683
23617
90819
86030
50665
92735
40596
46156
15548
74598
87029
74014
76668
80804
36135
74941
25506
39235
84229
39019
94983
43816
48292
37521
95047
29141
32158
96351
20226
25546
15664
26330
84053
35661
33343
54398
98138
23900
19321
28597
67746
70315
44252
60323
11216
34077
55509
30611
24666
58031
75619
13671
56078
79482
66721
17014
70978
52279
71634
89467
26946
51211
68375
60411
53542
19753
29304
37460
83049
43919
68256
63848
36133
55339
69170
89685
34819
44600
56898
71804
65352
89271
33351
50618
89397
62295
41430
73447
48262
86455
29600
81624
52330
29935
46434
34775
46732
64295
84977
22171
57720
68142
95203
98074
68642
57600
93330
69064
92970
59391
99947
47388
72630
54614
44602
86911
51081
85795
99778
35454
93538
13738
49564
70658
15953
28749
43458
39501
22853
62872
24936
38356
43788
71140
70392
78301
64370
71002
76620
48222
35859
72073
20916
70904
78967
73530
26836
96078
89593
11840
14916
74707
35913
71769
37452
80091
99286
77933
73152
53058
22955
