997
46107
26094
94299
59153
99659
11054
63241
65721
19915
83504
30424
82433
75432
18943
94067
34091
10648
24074
69506
48034
12348
61311
72304
79541
60656
16240
42909
84850
46915
46784
46675
52595
67481
56806
90846
11380
89019
54380
70335
71367
20270
77210
95688
80805
90820
25110
97396
95460
49060
21038
56703
28066
50141
62959
56600
94608
99470
23686
69942
90054
55096
36779
69110
85688
13223
40449
23336
64132
40167
56854
99882
24679
46764
21131
57930
25786
50759
22557
21364
89494
16218
26399
80699
59194
47486
64580
99530
60441
94663
89030
87234
77338
97903
64958
86315
79891
27052
35133
72369
48148
59041
92818
82695
22028
20916
29446
64440
27378
36977
92325
64880
35480
21702
58483
65527
94015
53129
21676
39309
26383
14184
31282
24388
28832
79460
81524
59214
95244
59822
57940
46316
26320
81180
27408
44443
56135
62406
96933
65624
64232
72919
73154
45238
60866
99550
45281
43638
42427
33358
57781
73981
15146
10628
23467
96430
42173
61125
67574
10275
50267
73732
29898
65099
86867
91601
48802
39252
64702
12014
35839
64765
56965
72792
80873
86982
30237
82698
66593
30426
71350
78413
22320
64802
35434
23261
97817
24102
60705
38774
91021
31447
90544
54986
43942
18352
84054
98936
72615
99637
52961
29037
67147
85587
42495
75854
35259
28936
68346
16008
59095
63483
69788
19951
84010
25049
13705
40343
91429
45936
31930
80073
17250
14632
70404
63689
22595
82238
46776
27096
94321
40591
51559
61045
24572
89153
27520
98848
88424
34994
13226
13536
89587
19384
57832
56012
49920
97915
47206
32276
15992
73696
11505
19985
49283
69233
21889
90180
58851
65959
89234
86874
38532
66605
69418
68400
32232
46529
55054
32296
74151
21834
21233
70252
73277
30768
51027
42634
60556
61104
66964
43192
58332
93630
82940
85063
33740
90008
61557
38821
75980
16644
18947
12799
46466
56842
47059
81772
25497
60318
59347
42352
45328
87152
72354
90056
72328
81519
65872
97704
40041
60298
61257
67559
93412
31395
51588
70334
80497
88821
48388
47497
68811
45003
74918
80172
88589
95024
16443
47608
85362
70099
96054
29768
61794
92748
56724
18313
21713
21743
97837
65370
39977
33674
66576
72465
28777
36945
72283
74036
33429
81913
40671
43093
20754
29444
60516
30283
82847
30917
86275
69957
47988
48515
84913
17391
24475
61434
29314
93326
53883
22390
49873
88459
55301
96737
20066
98464
59086
72803
63646
78637
14200
14316
42450
28601
12204
80549
96564
50211
18414
43958
16777
65091
10228
97261
43210
59048
79685
82317
66663
47509
95394
59399
30014
99523
25744
53701
92941
86371
20893
52954
35758
65537
77600
40881
41089
87390
20570
23838
15305
94093
67634
86210
34589
45041
72791
29022
24344
61330
34981
59308
92583
93185
22609
69256
67618
82581
56954
37742
68880
33417
90757
39078
57893
87499
93486
87853
56875
92289
48633
39716
22291
54842
40580
18213
75421
41620
48791
63523
87711
61231
13829
96595
78691
92150
11288
78721
55133
40314
86273
78950
43307
62749
97319
72177
92389
17958
59489
79120
24277
87719
18825
17575
28667
13741
71885
46038
40712
32346
40940
96539
61831
44978
91192
46968
35460
67299
32044
29669
14931
43457
56116
56770
43719
52487
17916
99117
39627
49555
58569
17968
39310
61693
11518
73886
43320
50286
70132
92998
26673
82102
20421
82485
62441
91800
46381
20034
29636
31511
62750
74161
55227
89974
32228
50094
79955
83000
73490
47882
44555
96632
41583
92487
44690
88246
83410
35067
81612
47150
75315
39077
12735
15267
40707
87304
85836
53816
23937
83247
99701
21980
95380
49472
57487
56371
13949
57788
42944
17027
99283
72664
44920
32528
64608
61417
50016
89752
37869
51962
53973
81371
79866
58805
98720
40214
91153
89389
52524
68453
25322
84897
12992
71036
23343
52999
39395
53052
76232
46244
33380
20579
42378
10910
31747
95201
14703
92489
36722
60032
14910
61847
56465
70476
74130
12137
38801
38480
93768
35599
39148
14198
65423
42430
72058
31600
88596
47277
49601
92051
18201
58085
57563
43605
76190
54442
39086
34499
58960
73754
11847
51294
78199
99558
63686
75476
17339
50003
64436
79808
18978
85891
68647
82444
67845
90336
39678
27986
27024
22133
97522
48322
51058
58200
67959
74559
37741
15154
39891
18439
60719
11766
87953
45894
76739
62231
96708
16929
55265
85993
32827
35442
99375
83435
56126
41743
22374
36372
69032
91935
33122
71906
77953
23627
15129
50625
79980
20438
78722
35726
57852
45079
34143
59731
88602
90299
25311
85552
63445
91724
33917
86092
82182
98430
16796
28224
76376
99434
74795
12074
69082
75113
75858
74166
33862
47139
89831
62629
73045
80868
73659
84459
29301
41707
25456
11818
13274
39702
90576
40356
53471
91131
38610
60853
63596
44383
86785
88381
51546
86966
63861
80644
16872
63062
19699
49045
90905
48314
57759
29241
65051
45097
38216
36310
99683
40185
75184
26635
15037
33462
19882
79148
30099
21372
37588
39942
45369
56605
97648
39798
48234
63722
35588
49096
77209
74906
92147
31814
90021
63225
19640
73489
80745
69187
27416
39873
86604
70700
23954
11554
31133
99450
53259
41096
67141
64980
88879
68353
45146
31826
55834
56858
52684
92866
13522
29258
35197
33425
86713
43042
54246
52864
40387
13940
60508
79498
73605
50837
16873
75746
81803
73401
33132
53451
37125
85670
27063
42194
77710
67107
87541
56256
97232
49115
45058
66006
75912
69771
66703
45142
41008
18779
73816
81957
46682
64269
86058
34434
56589
82902
63752
96321
78214
12292
73413
59423
25730
61665
48159
48692
55683
21573
74922
50522
79937
43450
93338
57078
48553
13950
93118
75901
22316
44896
20370
19000
82184
50353
14930
64056
52727
57048
24025
51156
77932
51248
83459
66676
63091
11605
41439
70268
84034
10793
95941
95764
57806
72857
69076
27702
21494
13607
44171
42684
55409
74626
62537
14740
24014
94473
92949
77939
62459
24822
98298
27380
92162
19165
61072
22122
68785
54704
57339
65792
84249
86453
82830
25161
70223
21197
80727
44915
87370
47396
88750
32676
20443
89018
18585
87492
93320
29717
85191
47157
59810
27578
50855
38405
