997
59482
42678
16170
45165
44405
73498
55391
78975
64862
73372
23596
55190
55504
73650
53263
46973
27946
36059
81583
58452
18168
49636
18511
15997
40772
76070
53299
49616
68407
69656
47463
38653
91753
48684
98192
97133
24365
97848
20429
18231
14754
65283
19901
35901
34447
24217
51859
23331
28715
76457
42512
14783
82267
78623
45809
43261
64637
69377
83366
20607
99990
74326
74024
76900
73025
22462
37019
12125
43175
82947
26754
46802
76252
89380
99493
77293
22786
39516
96123
44412
92987
65649
94761
93818
92820
99498
76759
69141
75210
98518
84349
64545
38536
70942
40330
65654
35841
85472
19165
83544
27785
34728
13165
75235
13942
86630
19492
25039
31944
17801
24854
87619
31852
76824
56605
43021
82731
35774
77918
96269
18645
15372
63112
16202
76384
37831
93237
47479
96973
81083
10240
16449
10483
59924
71191
82665
40847
25168
26872
50770
99122
34230
85422
90943
30283
56656
20131
26909
45719
19392
96633
95789
24551
87887
76044
42680
96240
16022
70695
45200
30217
91099
73633
99847
82418
65765
82707
64697
35022
28411
64585
95211
22211
41811
10258
55635
80968
61997
14123
49268
20620
87284
51952
45334
51918
95283
32239
82706
95642
49174
61586
77276
85685
31929
14688
95940
77363
83019
47421
73059
88943
31553
27678
14603
84347
65931
96492
87156
45055
10652
19020
60524
93568
73552
78539
39127
24968
95164
82902
25841
70445
42760
59064
89802
13935
94335
21869
70770
72936
77904
48978
17154
28950
41412
53130
30591
80385
92417
53861
73476
97659
60857
54292
87419
43384
94928
22931
84266
38896
95935
65250
30114
94732
41247
55257
31591
69026
31479
50780
96182
73551
11622
37975
31535
25771
33090
56882
97196
28995
48161
26251
11090
86638
95635
71635
76463
89951
88489
12369
45071
75900
18982
86162
97835
51394
71439
25606
42628
72644
26434
13323
52951
64143
69776
65536
58615
89846
85162
60148
37277
62517
60994
80971
52624
92854
18658
71237
63850
95480
35804
43022
33862
54692
24092
35941
72440
90877
53574
92598
60761
95856
22930
45980
97598
68400
69679
92340
37627
95442
73409
56640
62575
27014
67556
55740
72852
93609
55386
70045
70018
17293
77436
22846
21653
51493
29540
14739
37771
72781
54552
58118
78077
18244
17258
97959
70323
70340
48368
71453
87864
53809
18146
93348
12011
52756
64676
85725
49169
25877
75947
15572
73831
29088
32145
81965
98068
36496
87915
48347
88708
28838
23375
18271
86270
51099
63671
72528
23650
24502
53857
10859
78083
97390
61519
99536
57867
81126
41613
97982
40524
40072
52263
94343
21129
46227
53219
54466
42599
15722
71976
45025
29402
22992
28440
31202
36565
26989
57925
60956
89817
85362
65156
15039
29108
73079
38638
34874
10600
45989
39140
21232
59721
17031
44450
86428
99353
88369
25850
70213
11919
63606
73363
57469
65218
33273
34016
48799
43794
17927
58637
74890
85101
46327
77591
45150
50293
31914
84056
63494
81619
92497
38827
53938
44308
29910
75381
99572
28055
78494
82738
39635
26719
37265
57874
31129
27745
58705
65091
42766
37444
51122
26865
48910
20923
84294
99748
64392
76333
48600
44467
58359
20774
29881
84607
16133
44269
85410
23005
63669
45940
56414
54045
72679
64935
44406
90791
99638
64764
77693
21492
21946
99829
18732
84639
77177
14935
10773
75380
98164
71703
57783
83107
50021
97373
72872
90930
14455
15262
21939
45460
95556
28862
43302
79935
75445
25304
28575
29102
92972
80526
70078
80307
44243
67347
88818
18653
78248
24929
11282
48532
40966
56174
32797
95981
33291
45713
92650
74059
80455
42563
12214
81561
34096
96550
44349
95634
14453
25257
84662
96173
29569
61817
53595
15462
52768
14767
16218
84736
73643
62720
35893
15847
12569
49797
11491
35679
23806
28330
29212
49441
41313
85357
81960
38984
30905
85854
57519
98435
86582
62387
85429
89446
98765
34979
56090
26206
57145
22865
63071
17328
43927
39392
86542
61031
51607
44911
58039
95088
65192
85435
36290
60718
95748
45900
91758
49263
27702
37285
42726
78117
23999
62564
96804
81873
25447
21756
71380
23916
19944
88907
76317
47019
37734
87438
23135
46993
61496
23365
73285
38817
16880
45644
99085
82443
18884
96270
62483
37970
33210
81420
75574
58291
88426
99454
33837
70520
65245
11977
84745
11753
48979
72758
89490
24142
56755
39494
16101
