997
35156
96640
25537
88987
10825
40681
51142
30783
66122
68472
41155
55106
67214
32590
30333
77534
61954
94867
63782
95364
76929
88748
66885
40152
68339
90720
18584
40405
86219
45947
19185
23970
89728
35268
40589
81881
82908
62224
87545
29390
51459
53819
25021
91133
39733
94863
77480
37438
93615
22100
17094
97254
65272
97807
12424
12351
21165
18797
22854
84124
86846
90367
42142
97817
25208
90059
76193
45292
49030
82649
96516
48375
34489
51471
63778
65713
44299
67429
74186
78383
36236
42156
12665
26217
65687
20205
83191
96237
58429
13743
84313
24155
70219
95710
96372
54345
95052
29412
84729
36209
75171
55174
19943
76760
67933
35364
21143
80328
13350
33015
36678
49800
70799
20636
40565
81118
36124
55079
24805
21023
48003
59618
29528
92882
37802
35067
19190
56844
99601
11084
83875
59950
63950
28542
54169
23114
74843
78641
29542
99506
15738
23235
58640
61869
91474
63006
37481
61926
14904
69000
56525
65470
25184
83616
68291
12852
81491
68823
57636
38972
16379
44492
98784
40804
38202
51647
66954
77173
37007
41517
87069
10376
65952
39003
67971
63889
60482
69339
30244
35468
85955
45669
82962
20679
32578
55534
87064
46100
50283
82201
58965
73600
51258
65313
94460
70232
95673
21388
33044
47676
49795
89591
58509
91242
55246
87211
94475
10064
18622
88856
59105
59049
36391
92819
73630
34563
12752
33639
74496
95064
86829
89109
42349
40042
76653
90007
21434
44261
75343
43029
62212
38042
18598
53247
34524
98669
95916
11923
65531
87701
55555
57135
40456
28992
48430
86063
52459
78556
98702
90456
46321
51753
24001
44953
55731
18504
83193
64120
64327
46156
89598
39939
67859
10898
95374
17941
14627
82932
31807
26547
90561
66921
54159
77376
30181
61364
57076
27114
33940
91815
47520
86529
81661
24348
39244
82071
64897
78176
84914
36555
29940
37772
26983
51146
81110
59807
34916
69591
79675
28167
36291
45282
91218
86814
62029
49477
41002
32452
33743
96399
50113
98979
11941
50448
75257
62180
62485
10255
71061
20097
24425
98183
20264
20137
97804
39699
84103
70790
84943
89394
38372
31838
18149
62044
18965
71512
32289
76176
99555
74970
44912
72342
52408
63947
22049
36065
59307
47987
75920
23212
41275
36137
95356
88021
89986
46064
74260
59589
83083
18526
13421
74449
70281
16680
34972
15640
57590
86592
42732
82080
23664
36669
70449
66069
80253
33359
97396
83320
43568
84057
33004
21987
24432
30850
70001
58012
34883
64827
50039
92087
34967
43976
93096
30135
81101
12743
21668
49964
77359
73031
95896
67260
97771
19977
92411
96090
65406
49501
80195
54803
12339
90755
75383
29061
73510
52952
44063
18468
42088
76364
43244
66636
19741
13257
84581
29520
76862
67862
14524
26385
47244
56736
31754
72834
75859
44509
68507
74934
87617
88205
41048
27947
29079
29051
30447
17422
59961
23329
70557
76068
25211
24879
93582
22971
10668
23665
50585
19509
