997
57257
93226
14002
49884
46475
15403
87176
52934
16555
26979
40292
45528
20955
97974
73809
88787
72924
53625
36761
57346
64236
65766
84778
89902
21272
58363
15762
14264
95719
31306
16667
63828
17022
30290
96166
65321
50160
40884
45065
73067
67070
23548
21258
69716
67489
66251
79073
12272
45834
55084
50428
94576
25673
30679
21870
56437
26122
46140
99393
24838
95046
46543
83111
89088
43780
17604
60152
73668
17776
14482
97937
64623
84829
10165
61339
36255
17857
84262
29415
74253
40308
82406
84930
34353
67077
51291
59761
92430
65928
18059
95896
60573
92120
23600
84169
37326
91895
89915
99085
81883
62366
49771
58750
10651
36106
86916
17864
52492
84139
83879
74952
81017
17131
42278
62671
31305
90836
38928
11763
77717
96409
81369
81474
47285
42672
48476
33484
43448
47414
52717
82475
55635
22317
34978
32623
46776
34644
84627
21271
27712
13425
65340
37105
48592
88805
32678
53670
49077
66706
15173
34883
16946
70473
75031
32882
23505
34918
52700
22503
10063
58519
67006
90156
37566
61011
90300
15808
46207
98102
10799
73111
74432
52377
17620
35299
22299
52376
66616
99284
45086
26019
70052
75140
79818
30187
57530
59543
53192
14018
21385
44471
54588
14517
77404
43483
88292
77845
56179
42176
99258
61863
72695
37603
72717
39933
80096
20911
63515
57245
52666
28006
79389
60640
81333
36667
61440
43808
15187
11459
48409
81405
41286
67302
68291
47304
91407
15524
32135
28978
95623
82388
99991
32159
24052
33256
42485
11977
29432
20508
88439
90982
74254
36773
62937
84980
45508
21643
70138
16085
31771
57949
68234
34786
35549
98452
30420
73169
46071
87532
91576
53366
89200
75222
41629
34045
90799
72424
81254
23385
28859
77691
81765
11693
62168
87485
71829
18751
64771
56390
