997
53152
67095
91232
13421
12095
69820
51696
64092
10284
50757
76540
94868
72336
67704
63620
37097
39198
34606
96686
33200
73836
32162
76220
76923
73549
85775
49321
44698
46694
71984
80221
85568
43001
18401
72725
74874
62396
78551
21558
26514
45027
32485
34781
13375
75617
29101
79283
77720
31604
57874
47476
63348
96328
63167
31389
29730
39425
18174
97422
28000
62811
83629
95300
92718
68848
53130
20090
14084
88224
72397
83633
79426
76737
42373
58113
55115
94908
72288
16503
54321
81928
76046
70143
79054
42826
89722
10860
52650
81154
78816
30822
32009
37515
13740
87950
43828
13739
98695
41256
62720
21865
76762
39302
23479
32262
93393
97336
10544
50706
50174
21138
43890
12878
90098
45729
60371
88180
67708
96298
37705
21403
80308
68116
37132
74629
31058
17724
13829
36265
34549
46872
32638
10995
15327
46571
90920
76234
31893
46564
79192
98430
76415
56240
53770
99722
26139
10255
72094
82482
31398
89448
78029
31113
63194
29237
51931
46644
93118
19988
19402
17151
61667
16055
32401
64647
43742
39956
97158
44102
10450
31725
22849
54722
13680
37605
69257
76023
71304
99720
82176
42980
77018
24344
48126
45320
98318
77757
33605
89346
17723
77084
38545
63974
81238
44410
79661
64940
43527
40821
99139
26119
64418
83655
72196
64852
94898
37724
61041
47707
29659
84104
75908
91170
49923
30563
28243
82834
13696
17466
90010
92815
62754
10866
39085
32172
14538
67465
69865
50123
94640
71681
31764
47745
34782
77727
14628
81065
47513
38844
96057
37284
86298
82686
11287
17778
88528
79039
58374
47275
86502
11676
41116
85677
58384
30716
78526
95629
59347
97760
40288
61722
18558
85742
73294
70447
70656
37488
57960
14189
37261
69145
99256
82580
52835
83386
84733
10771
96272
57371
75136
97592
36480
35312
89838
89385
83227
33238
33736
43417
20515
67724
25023
82887
82019
66757
84246
70275
64484
50159
93649
38855
41889
83153
21314
90959
99512
25356
78778
51156
60648
78505
55240
71957
78265
21360
95596
48344
72039
28223
52221
51387
73965
47475
43811
93162
29184
13688
80548
47091
34936
43034
52601
44198
25937
90622
17376
93647
82399
35473
12669
99415
35637
54318
83508
37070
27172
77667
82220
38027
23132
28728
80127
98820
71184
71777
53657
37720
54614
92444
98712
95590
27056
95553
94408
64059
15315
55851
91018
86214
11110
61629
29279
96877
85261
43300
79778
51493
98408
92037
68307
26473
36063
88055
58946
72391
77249
27008
53928
11392
34960
55374
68304
34553
67948
89994
75487
96829
24585
65825
57177
55664
37146
88995
31059
78718
60907
66983
40517
44117
40815
48638
58078
87294
32925
71070
96229
35187
38317
48685
44825
19403
40669
31275
89429
14828
22836
25065
83230
87972
72983
77192
61821
18944
78586
61047
91774
67334
40781
31843
80710
26124
62294
61782
78895
19282
72826
76461
39732
50850
80745
85575
20556
89707
71993
86440
62930
37900
52874
74676
14553
41205
28497
19016
66552
43301
65505
86299
61873
94230
78403
42099
49204
39995
45705
48536
75772
44595
58685
64674
99504
53986
73235
90444
50881
81946
54277
25178
95069
68144
34889
28548
60483
87693
88781
46915
72813
76303
63524
67343
28846
25487
95028
53665
40910
35472
17195
11452
40653
84773
28589
69173
87654
54827
73290
56754
28498
56908
92012
26179
15582
85962
84034
83542
92198
18314
20426
36698
82687
13152
12230
44076
55248
41349
58653
33798
35723
34648
71086
36116
33810
46273
41791
25808
75153
91762
65353
54807
22673
25979
22434
72147
45070
38694
30429
67788
61533
58758
28723
26396
94105
81013
70008
21159
40757
25377
99486
42659
54190
90752
50016
57217
91845
99975
76071
58043
46305
34623
15868
