997
51701
96498
40133
86690
75374
51621
54722
17970
94727
94000
85293
71945
71334
24488
42937
55711
48300
30081
87216
59768
96503
22451
79299
67198
50441
22110
63404
74133
38848
60038
40769
23227
78626
49221
95033
34960
80295
22924
77637
15177
81730
33513
19187
81441
66479
81611
74212
27111
22957
42580
90990
87218
37504
65081
98036
54837
60378
40147
18238
36035
91363
93371
58507
11922
25399
23052
84703
76077
86615
90166
42315
45781
86320
61971
61168
75911
83664
22578
64217
11131
13204
39183
78711
39474
15506
56713
67692
15664
39955
13221
89097
10304
99446
64878
36346
68867
89219
60348
52867
35143
40699
84866
85257
38540
20686
34525
21225
19760
93197
92473
11613
22076
85077
94277
11833
38561
85343
66784
11914
99947
41214
72302
45006
17365
52840
40584
85128
48137
95374
34837
35195
36249
88912
34638
46500
44119
87314
27849
41035
83079
73306
52978
46192
91906
75165
32937
50557
13519
51640
80616
11983
75704
29992
81919
40066
24762
61834
57105
42196
71622
54909
29534
93433
31019
53295
42717
86486
47940
88296
99725
76928
69608
62475
92338
30750
35777
18424
66768
83505
88278
83033
51394
49646
75029
95947
77502
84888
66318
10150
72604
40908
70581
21197
38886
74367
83850
16694
38113
30006
37990
59673
28667
93770
13934
58841
20377
59145
30366
17678
65943
44677
74921
31956
54401
33621
43395
95316
39224
64740
74951
84680
14647
97799
35949
35463
52119
91569
82266
66472
53482
76798
84985
85348
15999
78703
17536
24336
55345
70427
72724
48817
68172
76025
67900
36299
19294
57314
33467
68678
57303
13861
69483
49594
80134
97161
58291
26845
14788
25873
36832
70936
86260
28530
15299
57747
71210
11301
14614
62702
