997
75655
32098
79525
87271
73514
45611
85956
77890
67675
27248
82465
12073
91568
99918
93891
88373
29512
83636
35619
86841
23521
44316
26809
92707
64257
17894
45158
53923
14405
16587
78492
51460
52285
61319
80019
95966
34443
58989
52779
34750
91840
48489
64544
49231
49983
27276
62706
14646
67067
13872
54824
98820
30731
14867
20708
12179
15977
64462
16114
30100
59272
62692
62582
12430
18278
36940
40637
68627
58746
53946
86376
83179
78738
92950
90695
83001
23422
86754
26359
15962
63446
49100
43070
23068
36263
12318
92238
91158
93744
17972
44080
97355
60681
31554
98863
50066
45127
66119
26767
23928
88263
17863
86254
85228
26052
99072
42693
76070
21019
38931
80534
45966
40862
21765
88496
69309
59291
34005
48167
23067
84827
71439
19988
38459
10113
59009
11846
15005
47024
91200
39763
76253
89970
79903
52179
58957
53826
99158
32885
15356
70120
29566
34469
78680
35968
16227
97294
40858
23385
62112
28630
99265
86514
56412
23261
14788
71975
82119
83918
70273
96086
13120
53384
43508
76888
56062
72011
35409
24585
49994
38450
44078
82856
55919
79469
65402
27442
30763
72273
11951
82358
71147
28604
34003
94309
93947
86305
20526
69114
89341
10895
51810
85807
84544
82659
92373
18124
22972
30374
18375
64872
52067
14856
57813
93431
76560
88884
17978
20091
92788
33005
76040
98921
95217
78551
37228
34782
25665
52406
41794
96294
20369
87716
40435
65749
89802
93522
27490
90379
18947
26304
29516
17016
71282
15774
40320
11001
46106
63551
59476
61153
31453
87150
67637
54765
96169
13302
82736
91082
51844
89612
46608
85097
18468
87173
31591
70427
18631
25511
53609
99519
37797
15888
97093
85895
60395
82145
49754
33684
54128
83813
26426
67148
37250
43488
43952
88195
86028
77374
99784
13761
40153
59863
84420
14904
13985
76569
94111
61261
43113
52079
85089
19815
22551
81364
56263
43390
99950
74558
73480
68880
11469
52170
14880
13015
48315
30639
67485
33770
50376
83591
34681
17001
46482
39399
74052
38890
16799
58887
44120
79716
48728
71001
85957
43780
35648
90903
16677
66517
93593
81090
56411
93664
82441
48523
87092
37252
49352
76755
98748
91810
59679
63960
94434
75791
32596
99030
67317
46480
63009
75722
29765
32741
84227
92521
47576
86571
92359
70392
10348
25695
32663
27281
90964
73291
83823
60312
33866
