997
26554
28815
16152
62715
50854
93857
87696
94570
48166
82859
24128
79674
98325
84761
40931
89690
58841
46674
74105
77765
52482
39782
40463
15618
63079
95020
96277
64398
91216
50404
99734
86501
98189
26644
86682
90079
54552
83856
62856
97385
23884
71344
45915
76191
52711
75580
39727
71622
92040
27580
30709
60875
48471
59973
90277
78687
41227
20831
76195
24752
87298
42482
98708
49792
13671
56130
53920
36289
91966
99821
21007
94742
75142
69951
64119
34531
41115
57736
95926
58228
69670
81073
95158
50042
14103
10818
33973
83384
56483
76162
47740
13590
30124
63028
11328
23483
62652
78049
66927
52438
75532
89245
18262
58199
91771
10531
52000
27998
17393
94646
39840
57682
56569
19931
49645
55606
18511
55516
17628
71838
14018
85846
68035
66933
77801
65252
48589
74635
92254
45265
44887
68728
86340
22556
10217
92453
13469
95175
83433
26662
13887
58922
50059
60896
81630
75943
94681
97789
80033
75257
88058
34830
58349
54367
15182
19644
23586
90254
88208
88001
34799
68855
74519
17484
68387
66151
29584
75186
41504
36736
90395
24356
13843
36091
26469
40247
20758
99537
47645
59944
65532
93024
49032
13463
81836
94842
33130
74619
73149
19558
89626
99717
38569
52185
96154
56092
40975
22715
39168
56452
28722
75477
19136
99432
52433
37134
52745
70973
14916
96412
79962
60294
21245
72452
34146
57951
30070
43578
31934
59857
79443
35650
28497
23122
58565
56744
93802
69411
46968
85460
72042
38892
42484
48428
52318
94986
76743
31565
29957
93486
51616
78271
86740
50696
29808
45462
70113
63609
12978
93481
26090
60903
32026
38650
89955
53729
48439
35881
19766
74118
77712
28220
59197
17848
15957
93049
26225
13977
34426
99274
89716
98307
58489
45952
37084
70343
82991
86559
17026
33720
31098
73434
64169
24357
68112
33201
56048
51480
59260
14329
58529
86443
37113
50776
92933
55035
41690
78031
67181
11844
47397
46560
47749
39079
32758
73614
57047
68787
21583
25768
23047
59049
43908
70233
97866
62261
86460
35798
96248
69570
79868
96476
25333
84680
29262
13465
86228
73723
58422
84999
43680
49679
33910
35363
63796
48807
91627
41765
20375
69064
44677
12662
80966
65867
65184
31058
13497
65527
97607
19793
92909
27996
62397
72620
74555
67793
34052
84165
23173
90920
50021
78032
71558
27517
17530
26656
15245
70925
13277
45069
58902
10269
62170
86967
16132
90190
80266
10517
45321
49504
52694
20341
20160
89976
22024
63692
86104
17322
59502
83952
91569
71935
62403
86976
50488
17587
88387
75754
70428
29147
17524
56612
50761
30302
20249
57533
28560
91791
90291
39680
88945
36099
42517
14515
41041
89291
26336
23861
74766
90299
25592
90718
23038
73074
50094
88470
45152
60998
48014
16514
97095
32970
71454
67398
86096
94521
89340
78389
61755
80866
83356
19424
30868
14603
62012
95583
59324
87079
58374
76126
45776
39874
68640
49277
97929
82177
70941
98195
15664
56261
90421
57218
35190
87210
86741
71411
21269
35467
