997
39846
17171
73495
38447
98266
79943
59425
81779
76000
25969
26955
57467
21533
10178
63454
93629
52155
46973
21974
50127
98730
27734
68616
88049
22076
49716
15079
43469
81516
82281
27469
22081
72104
25721
76111
93487
51434
89058
93850
56114
83394
63303
90893
42750
66970
89101
30699
40047
95676
23291
80431
40162
17015
61617
10516
58842
48671
54412
66523
58269
69767
73352
13367
52839
20660
63495
99378
69149
24338
52513
80163
81098
63476
96980
72831
93168
34342
85204
73709
46186
81258
68263
98961
89770
56109
75105
34307
97014
38791
20388
19410
95726
19208
92470
53239
53544
38506
75370
89815
24129
90720
75104
98837
37640
92697
34922
66368
33885
80394
24962
41673
65974
88440
98333
32822
57781
44984
22010
76326
46230
44722
62053
93100
53812
53226
90638
12153
49383
85238
18354
68543
86238
13409
45822
98648
21779
35884
63888
18472
57895
10118
55605
35312
38035
27916
48114
53533
97581
20461
67129
79232
49462
70719
52344
87856
50806
74984
83303
46271
65962
25037
54550
31675
73822
45881
92540
68649
94678
97279
49115
19232
16273
38383
39852
29408
54435
26581
88346
81891
91210
35141
42790
68406
95135
17849
91054
41671
72498
58562
96559
75531
67527
40104
40304
68371
90764
11491
74943
73680
89307
49570
31775
55293
84961
23072
36202
76036
65072
31601
34735
60234
18097
39998
71922
74655
70992
38987
32422
51816
41550
44708
62932
52203
91862
26763
24048
76579
86102
85756
68882
78745
18620
24111
13584
40526
35400
23657
32234
62267
52944
84185
41587
78674
29668
64456
42973
59792
49669
92881
47653
62465
74702
93713
27312
97663
10240
87467
87528
64608
78639
28210
62869
37192
27224
14572
90866
79257
60609
86042
20972
46797
23995
90211
69003
34671
52867
54836
83183
49925
71904
27262
48578
94000
53526
68993
54072
86832
70167
97270
72038
12465
47482
62914
62338
52756
73817
10433
88674
82415
83236
39096
17486
36702
48982
69593
14375
76646
77228
57959
59843
83422
25562
22771
37990
46763
12371
40301
23986
34159
29973
99774
84141
34041
82348
24931
10120
18007
32816
33371
98119
74518
91245
33463
40060
51605
33923
94837
47496
87691
29195
16811
11216
40716
47994
54194
13406
94717
84307
69931
87718
35007
58514
36308
69927
21953
56765
23198
26320
99323
70771
80489
37016
83123
77177
27466
26613
90268
31065
96179
96628
60173
87405
51130
97718
74999
66330
44300
16991
77976
64973
22309
82891
42187
85940
66502
65122
68773
66878
10847
60246
79529
45447
44481
59064
59517
56688
58107
98773
75301
19466
20222
14527
21985
37370
44741
59618
28142
31007
81294
75121
98422
84097
95449
72634
44964
18737
44822
47054
23204
40533
61183
78055
66575
94902
26907
71536
52198
47524
21453
58521
76544
33560
53270
10409
32647
22897
14628
14280
40244
13532
82135
24461
63180
79997
45618
63784
30666
59061
10846
88517
43917
71431
68065
61887
15471
71892
53145
53799
63668
33874
15747
19629
93080
14338
32382
77510
88323
45370
39786
29518
88649
58209
59862
99034
10387
35080
71176
14957
