997
29907
98141
52141
51748
42770
84478
54518
23728
36337
62142
41704
10854
75282
26858
83299
68875
38348
17133
67449
33614
96756
65184
80279
15832
65745
58209
86149
35917
69312
27672
15279
92399
38298
56286
77552
27326
46141
52893
78413
21224
94976
63334
34395
63307
69645
58799
68922
13335
59170
72455
35401
99077
61022
26643
58789
26289
22405
99578
97483
38496
60923
56413
28313
80561
87630
30144
33615
18149
94497
56992
96520
98956
62248
21644
69007
33613
51523
39025
20346
71774
47412
90333
83491
97555
52381
47241
84613
53022
44616
40960
57160
58245
67285
53853
65787
85174
59108
35325
98495
31726
66725
90331
45272
69295
74283
13853
36712
60286
57423
88839
86110
56189
61883
70795
24162
75438
65075
95103
16217
86846
62834
98802
27884
61590
59959
33930
50595
51221
53773
92900
98441
29040
28549
20951
65896
93668
83118
87236
55055
61440
59522
81183
99397
76587
42163
90849
92324
43952
64497
96423
60933
79144
27610
22607
40460
61885
66761
91203
75595
68745
48893
40792
22520
84494
93831
12808
98575
35776
53967
12339
49562
15056
28687
10815
50485
66786
57054
84390
95979
56169
25590
59867
84393
51402
52120
58414
98468
68083
69576
55180
99992
38834
65341
36588
29973
99308
17335
71146
42261
28408
58693
13772
42053
86055
83099
43542
74221
15995
78947
26651
83881
56048
93990
81061
37437
88768
61686
45225
87065
46266
17649
47376
13001
29613
12122
84265
44729
13893
90670
44719
50044
74681
34591
44149
71662
50227
31258
93915
13267
81788
54498
16223
34717
78815
62400
47639
17855
38025
61494
22121
16730
78271
53102
45974
19286
26580
56594
88038
26249
39705
61281
59096
36667
56847
88560
30905
77395
34708
80088
70342
70550
61796
59902
61798
89893
90308
96792
70591
76025
35676
95924
74757
21430
59457
60290
84443
10258
46770
52402
54293
88866
89103
91411
86303
67180
91544
19275
85890
15204
59684
44013
14695
65508
22215
42325
39786
67259
73913
24627
96064
67856
49150
53671
51464
57250
97226
69415
64434
96311
44854
94325
15404
32779
80690
87980
11044
72283
43558
12518
35586
15106
95544
21985
56831
40502
82059
69470
88298
56232
92706
71900
76391
49152
50894
86336
73956
89876
73064
22892
66489
28027
65895
62498
90070
31665
12118
25985
37658
56504
11374
90021
82245
62098
97913
40724
86878
79024
74922
21743
10867
21745
37961
84141
38277
39878
23683
35735
56804
28359
83222
73135
25779
34881
57466
72045
92243
43789
80278
97255
93035
23405
73096
58170
30123
53037
63230
85791
18217
92973
43560
97579
67841
81997
85916
36280
40021
76784
51033
56051
79371
19348
79151
59587
72370
85210
13218
10046
33451
32263
78057
79955
14373
46789
30852
55605
73601
12055
19374
63835
50887
81440
76679
90737
72771
32523
89037
88706
65725
40058
24962
82713
12027
60664
88662
36191
37004
66003
85268
34034
56589
77268
20518
36024
22172
10122
56144
62585
29897
30238
16074
19048
54092
47281
27647
88664
94169
59977
10940
82758
61143
90538
69486
17837
85269
66547
27199
21157
41115
33639
71149
74330
54894
87668
41662
19301
21480
39214
76804
60832
49517
52079
37974
99385
75483
60247
70294
19251
56788
36600
50086
36930
26978
52830
48887
67837
46647
77080
36468
88392
75528
34887
38459
76415
31037
68450
55795
60583
12771
22673
50813
97759
49682
25370
87794
92391
44899
58463
85050
94054
37750
62097
27452
89298
73670
33238
60229
93028
53248
36605
10600
68662
34582
30854
85760
60897
30289
98717
77450
67404
20414
60539
49254
61859
82235
40893
13025
91608
80957
51776
72181
64380
78954
15409
65504
90611
78615
65086
90422
83447
83252
30974
68659
11778
19180
98020
86091
74224
24433
23303
37407
86665
94589
85764
80266
50550
29912
46288
64320
35176
99378
64859
70965
62900
95047
36924
31216
33837
41751
22359
34934
73054
74254
46051
54722
27079
14060
70081
41053
91615
24101
43000
36763
78938
13545
71321
69822
20250
92956
50971
35272
10524
42007
49339
93203
94592
97701
54378
96023
79392
83979
11970
99741
15503
69203
24840
49286
17290
72281
40101
88200
94429
28562
33076
70546
50054
96619
46963
46073
42873
48520
93500
97398
23661
92665
20982
34612
82967
81107
48087
23842
38068
28527
61826
65108
38261
15252
87066
41270
42472
60025
50160
72998
13623
20007
70839
77525
25283
21822
12910
55388
58651
60690
58807
12176
67167
51091
36906
20962
70790
33035
79939
19569
47507
31411
44624
82214
83805
30667
93438
61496
64044
82523
11974
61509
72101
68388
98605
60065
22666
42348
46492
36836
12546
61768
57853
85167
23469
16748
67376
34678
42927
12947
64135
99354
88374
88570
26773
62534
72373
95531
69369
88159
37165
83674
41544
21312
78398
85684
92498
70459
36827
25850
57061
63110
68125
59913
21872
98821
76597
83776
98881
91670
37976
67618
41939
31432
59534
16445
68946
72914
76171
12432
21732
28287
78790
32290
45207
45178
41110
15440
16879
34065
60634
42117
13087
14390
73819
