997
64385
17041
55415
65663
37659
23397
70655
15665
27595
19801
87118
60343
93641
69883
15879
96734
60517
63049
25670
45739
19156
73007
55380
39639
11347
68483
73734
15839
58011
12722
54537
28067
46424
88439
25194
90438
65898
41291
87545
43657
98537
28192
87374
57482
87569
88100
36579
82498
40759
41942
34940
77310
10672
83349
55088
96750
35657
84883
99487
23045
12735
25651
69004
14457
98717
16131
33285
60725
43223
44459
75187
21654
40621
46689
20438
12057
16010
49346
42984
77711
67274
86573
62360
91411
99650
69885
14990
78809
50347
39465
84233
83820
53206
97396
92168
57765
17083
86295
84483
13261
17647
56692
50766
22178
67236
76000
29847
33710
91031
81910
29616
11985
87851
98622
81866
48404
81878
40004
34389
20681
44325
34250
65498
85465
89152
41952
95353
84454
99714
97541
40978
27114
17726
81719
90679
12613
38265
96598
74146
29142
87312
57840
54511
55230
47133
57379
68318
63458
57276
46171
15046
66596
65992
45866
50661
90935
95896
35272
20154
37250
76547
41275
21370
65586
29463
20162
97724
96277
95530
67270
17399
37822
31611
44530
15567
55406
69865
70105
70222
45120
51972
79969
65749
23115
56395
67597
37193
14572
48333
41035
12081
39432
74004
26043
27337
58235
58864
82585
60504
72389
40466
90255
60740
44365
54242
91291
40495
97824
49909
70806
78184
12369
32710
45894
59198
66600
40274
42300
33169
51678
69372
59052
27991
68946
69199
83300
68061
51787
98077
50063
75524
47511
49355
72639
22959
44695
42771
28695
58964
50246
78406
52342
13354
67277
83018
58219
26025
96485
32198
74439
43850
89754
68629
77011
34616
43372
28363
18588
43358
