997
13312
51950
15640
52899
14578
61915
36302
39515
45099
13019
67410
27486
99459
16025
98058
70110
32285
12420
53646
61871
59526
96691
34069
39937
36376
33690
43315
44142
17416
15165
55587
92984
67153
95885
92638
10255
52586
38887
26892
13150
65818
70216
87224
41036
63279
47302
43120
11220
66257
95077
10314
90136
47111
94029
66296
64419
27039
29691
95293
30899
60004
40099
22217
84260
31975
82485
15903
30741
65271
88712
29265
58688
96818
88619
19388
19109
41735
13261
26053
75247
61776
97772
19741
60168
83786
39051
70031
40156
14205
92120
73085
81229
99310
60524
33789
72126
23951
69025
60220
62579
23800
89672
23102
73881
90168
74382
87425
64478
15723
29510
88475
30024
26446
16528
70880
53399
17571
86786
62414
33549
95946
85757
99691
59404
11608
66628
41230
50719
50447
65681
41170
43289
93313
55510
69005
16243
60745
58008
25440
94528
49132
36715
98657
14020
75581
94637
67364
65436
81662
93934
59572
59324
62522
82976
27305
75410
47170
10093
69573
77058
92650
82122
81602
74881
27145
80757
21162
91864
44531
34107
61356
72494
47791
43571
45486
99621
71072
64017
74216
12536
47003
54086
83040
30186
50426
23515
51159
49833
69796
81307
62071
90017
64711
47627
36359
71593
27596
65912
67729
30331
26040
16824
28332
12493
45889
89876
83046
48203
46874
39589
14943
28746
35890
28202
43406
20221
58997
84844
41908
84550
51215
23284
30382
70495
72502
20296
67507
47713
86323
35691
46592
83403
37434
15496
88044
37893
32739
56426
82253
86156
18282
30058
67161
41483
12238
65411
65373
45870
40309
56348
36699
52996
44990
49758
35386
77404
20933
73813
64556
17231
52380
67320
81527
52827
84571
51515
15046
47985
65913
17634
78635
17241
49201
62689
86710
78063
15381
28868
66694
71346
43316
11888
93421
94677
35056
84696
61480
62335
17715
39276
22488
49709
49685
51981
16684
57098
68951
29112
10083
76657
75079
67120
47992
63354
78450
80160
86379
68014
53183
74814
86173
15910
61260
56011
63002
56404
81419
90922
65009
29929
12159
72829
74263
60024
61205
11764
99780
14073
32223
92960
96288
64812
88030
23783
88759
69987
68194
95075
18815
20792
90930
38774
72158
29538
85445
14006
74312
14307
42043
20439
24255
77518
19564
11121
18397
44833
47751
69556
91147
61706
48285
90853
17520
29781
82555
74099
38682
19824
41271
94090
16614
83166
41656
28766
40548
13891
20564
98944
83359
37527
58510
69672
78965
23940
93673
32271
38896
10660
76522
76708
27706
63487
93060
37309
85349
12986
24447
31091
41528
15761
35904
44191
13888
53039
63696
94754
74456
14067
81898
14041
14662
26051
63109
88169
94341
87129
22266
91793
13736
16733
97392
85369
42007
73811
50176
55250
86619
49222
53668
52884
39400
81292
73196
29157
27027
70571
23551
24744
24765
46127
92580
52573
44005
51345
99193
26635
33556
56653
87815
30174
83731
52703
84802
77932
83221
62480
95475
37701
33225
75216
10724
13492
11039
20246
75579
25490
72342
59378
27750
37796
23576
81932
69119
10376
70134
69405
65631
54022
40895
25592
53136
33216
53825
91627
75555
83406
56661
70411
52095
93442
22384
75346
53513
75569
61844
15497
46343
38564
42261
55128
44405
10213
61964
86197
80496
50775
80602
90160
86695
59854
70434
81915
39955
97166
48800
25102
26332
27256
77764
45956
45025
74936
51762
34188
45250
92462
62479
79299
88755
86225
59434
99053
15469
61881
22388
44546
87479
85132
51600
50783
60251
46071
78292
33566
27656
71989
11128
31271
85353
78471
62373
21170
26681
24154
86232
95696
94151
26992
74148
98611
63293
75301
27731
46965
29670
61849
41207
79794
77638
94322
65682
98894
19471
76528
50030
98837
17845
86818
85980
35520
66213
10295
16761
43415
46335
45904
39248
92778
41098
91727
79851
35103
55946
92875
42455
85712
12387
57347
90071
22078
43100
50266
30347
36788
55549
85659
29779
63946
31686
14337
24835
22652
41228
14344
38489
69512
51795
18078
10252
78180
31037
96217
77314
19931
14983
70940
29319
24833
92854
62769
39020
56715
97174
65039
73340
94473
32993
57329
48446
95240
25368
36977
18252
59422
51528
91813
76793
88102
75113
77028
26239
46814
39160
29616
36231
77156
39663
46545
33521
35230
84052
65161
82747
28691
50771
13710
26579
78405
58728
32665
30614
76562
70101
20057
24489
69138
60678
84199
99075
66036
75715
84166
53472
28708
61876
40529
20465
46384
54072
14802
66087
77030
50063
84872
72810
99181
69836
77301
89878
43243
48021
76811
96673
14361
82882
80733
39367
69031
14989
50247
50125
36186
10060
75924
43854
40987
62527
97389
40020
66122
44414
79652
45855
86649
73698
52687
18746
59787
64021
10271
84878
35065
63041
45702
54979
41816
41093
79723
96130
40970
85902
58479
29505
28648
36808
11980
22450
28490
63766
66930
92340
31896
14203
77648
71938
66410
78356
83600
78122
89377
23529
94547
34421
79158
23489
65432
13410
43799
79275
49383
89076
14761
68817
18463
17846
30409
60217
51036
49274
10655
92242
48628
11354
64862
56561
29991
92169
88927
59004
34194
71980
66436
84072
94283
32090
80221
29626
58760
30784
93392
26762
79385
13090
56460
97809
30625
45346
50366
23096
32663
22835
51583
41452
35896
96832
30016
67376
