997
67613
63678
92956
90756
60413
24070
79764
48881
41737
54928
60780
95749
39170
44310
12287
52261
60024
23070
74138
87405
86873
78384
89648
18825
19235
62083
14976
83719
17032
10845
49921
90397
76669
72187
13167
68766
84724
29811
88648
32732
31127
90309
76606
45958
97971
22982
39106
10541
87602
97007
43529
55738
20264
49475
51945
18002
91365
84212
80050
34968
26986
62365
87924
58953
43857
30015
55772
99496
45589
16255
97410
54397
94441
67342
14212
73355
20167
43922
98180
84560
68198
83241
44427
64928
30230
48266
13217
61335
92002
14685
20081
28758
62733
35638
35499
71639
64251
28572
93559
78556
58341
72637
95819
34663
43636
83872
10403
40176
11352
20732
90373
98487
52838
39252
85882
27706
47618
97524
96879
53409
65200
50535
30691
93518
13720
13301
94901
36214
91710
30624
99582
28612
26166
61357
17203
12001
95636
20538
90805
88150
66177
11215
36199
27077
11102
61142
89119
51899
65578
10844
74266
98308
49608
80118
54006
15286
99831
26196
61532
76413
68729
19993
54789
20779
24845
80990
55742
54772
93543
84939
92881
85087
71136
47728
53078
35159
13218
69741
19757
96232
15831
87453
79450
91678
84892
39216
47719
30574
57372
58083
79624
41598
37591
61246
84347
69391
17337
93242
10177
91088
77037
83631
23984
31346
15783
75384
44510
95672
15996
87165
73320
54135
76886
52414
82053
99742
87897
93763
33133
86512
90806
33967
46983
11218
67210
78817
33535
81325
88187
80681
85227
54874
85421
99498
13143
33691
46899
94082
44872
59823
88499
38507
18890
58852
51056
49358
82452
37305
25119
71038
18311
29207
23350
75536
28036
18596
88570
56742
62713
43584
29986
19873
16287
31806
74465
91434
78321
54813
39558
76008
34401
36237
37134
37935
24467
45333
22545
40266
69900
91915
41197
83008
25775
12123
58972
14144
49802
66814
97292
75606
52493
44397
67036
47373
46551
77054
33219
22827
59603
33305
91650
68599
18896
99943
96096
47936
54023
99390
36226
42302
82746
73269
23932
88728
59700
73238
48248
83602
90114
62898
78059
35912
34564
46502
15442
80411
83038
33249
37214
89612
24963
13103
44618
23316
18267
93135
43803
34801
14444
53579
71276
74686
26350
54154
50869
80624
43945
83304
39067
13677
45241
86690
59621
24753
56485
97225
34997
98567
30517
25121
31836
17808
21193
91100
33500
34457
12124
83507
83630
11213
25150
97387
14926
47775
15367
80164
56553
75842
89590
60784
37474
24449
91360
74724
47967
70337
58127
33807
26411
78877
40222
78396
73124
87349
50036
64786
59675
14344
85425
87504
90857
60120
65241
53009
86977
73952
47114
37606
73999
67545
25538
14122
76732
24375
75207
56687
76975
44938
92826
43048
38092
10910
42774
40020
86772
54606
42788
70134
29350
61394
35309
64977
44796
24907
79695
44190
91324
38073
60226
40810
68811
98974
18533
39492
55995
81510
98081
33203
34680
75953
34637
74092
17866
87877
72161
73218
54935
87875
95159
69473
98861
48776
22168
15058
62816
51287
65718
70274
11277
37617
37573
40588
63893
11276
89425
83077
58248
67684
33373
59435
71503
68397
77009
96833
16384
33344
12950
88032
99587
94032
14385
67062
85851
25129
21121
72414
66111
51806
17600
46081
35694
72679
35357
80893
92544
83696
18984
79380
63710
50180
82095
41860
52022
10576
53769
37472
35527
36773
22180
75513
34535
38521
79006
55217
38551
87989
12932
69243
92319
58864
98197
55847
79792
98126
80667
98517
28802
92717
18635
82857
66356
53151
48146
15431
69368
70527
31666
89070
27545
51854
17303
49180
39772
94291
84897
28009
87757
30445
69300
14830
64629
34498
76744
12524
90730
93765
50645
97071
57199
87949
33907
68605
32560
31117
17110
74283
15396
29869
77015
45081
73592
84678
97136
15440
57164
44746
33178
69033
23305
14946
58259
27539
69466
11020
21661
85588
50893
99068
99701
38379
59172
12735
97308
41803
83590
84834
28320
23489
72407
15554
15909
57341
44451
99304
57643
14772
19024
61611
77566
93721
49953
96448
64248
34937
18012
70077
96596
48114
43951
15342
13621
82241
59245
40002
20252
13595
47784
96651
52674
92443
22442
83672
83412
16083
75438
71790
75125
80530
79129
98823
66845
32455
26744
68170
60500
48634
97537
44410
75897
25025
40060
13659
75690
78860
98459
29096
29721
38369
42566
58444
94315
43635
83267
43692
47477
35055
46801
63260
61267
21679
23167
92686
45302
96434
62518
52978
70499
58346
65978
97764
78804
32429
72261
33162
56477
30095
40156
48992
67947
51538
62833
88962
21355
33642
10475
92930
32037
28858
83088
13899
14908
82883
12687
46672
58701
53581
55495
41616
45971
47896
46570
74034
26273
31561
35193
15853
18146
53865
12420
85362
71170
26698
77168
33599
55357
81472
17500
91992
71837
81563
83887
38215
47733
19221
24009
40284
81716
37179
73354
57589
68433
67141
27566
23259
28577
13776
95982
98389
74814
38089
37394
40490
70239
14657
37583
43456
34372
55024
91502
10884
98851
67023
42196
97546
93978
20245
59103
72797
20247
72952
70316
86504
73312
34480
86622
90472
41760
36120
13904
19664
24106
22158
80555
33439
40286
52273
60955
40841
48558
98657
92348
59537
84249
25420
33301
83707
18740
32609
87262
14874
83082
76887
31148
84854
98204
78501
89643
10825
59331
89325
59464
73258
89246
80844
27762
66618
70529
76275
35622
74247
37226
86894
27036
74078
44908
90176
10191
27857
13226
12261
62615
68519
16423
67022
48236
93405
47941
89879
39764
10264
39889
87260
45611
24270
76909
22118
68903
55065
95875
24200
68659
99633
46097
62395
45233
29036
23822
26714
88916
99179
35224
21147
76958
82260
63017
32138
27521
32217
93123
44106
56124
75449
20001
33470
71199
42143
89210
17083
90305
85779
96619
42379
58744
61306
30097
83911
39387
17065
15944
46226
87855
60633
33510
89601
90030
89434
55130
