997
17779
32281
46567
66961
73240
23792
21247
82712
82854
41384
94922
71909
90333
77734
14647
23810
52985
78763
64747
78022
10821
85132
73649
72505
21367
68461
95511
57818
42610
51015
51268
47068
57828
74080
53779
73109
41501
62175
15108
44917
40386
78418
70075
63919
89847
58787
95035
63901
16820
20413
13280
64677
98263
10638
22741
56531
97126
14039
52815
87397
18437
96653
77028
45704
68598
43582
65299
77192
44039
19276
64062
77866
44953
11529
51075
96323
48885
90105
16710
92082
32063
23528
33970
50503
97708
75422
28186
93942
51112
52026
56912
91585
14962
26482
24557
39607
13614
51822
31854
59298
36358
53535
76831
83964
15046
65948
21592
20835
14851
28235
35755
66561
78448
81728
18770
45816
49459
45761
84637
22128
19144
80174
46974
28695
11065
86158
46424
87656
61034
27975
82415
46422
99421
85598
44108
27040
22844
67561
98920
38840
32362
14612
57758
47975
84539
65246
21060
16943
43044
26434
49957
82103
70596
10705
42376
40353
88819
64049
91689
85571
92505
31878
31663
27404
82554
51440
46572
43891
25515
29285
80881
80489
74369
22471
37110
92374
30879
25786
80583
15462
25876
56862
98946
29767
55729
26591
23205
46365
78476
22950
73611
43696
48635
72365
12827
98735
26055
12860
10724
38341
20568
15055
27818
43808
46281
49915
37924
30758
76532
86095
28458
19830
95440
95201
28735
29297
76477
44516
68312
27390
79511
65297
28605
40941
13650
54907
80882
60367
44895
43447
69421
43237
37358
42808
71435
62601
33501
61661
78296
39704
82416
42732
19733
33889
18562
90264
73171
79253
83170
96656
60108
42773
90309
76932
91374
27848
51829
93615
38354
70555
39666
79809
76774
41391
62003
53153
35609
63770
76175
78449
75874
75457
66149
75657
55195
18248
45956
70065
99118
96221
26967
82490
57872
74493
32368
61934
83556
48649
50513
81229
58790
40902
47369
22978
60943
59207
18862
25384
28726
90531
54454
82647
40898
70350
78538
55741
48865
76252
20899
98529
55256
37408
70302
80978
94142
60832
14902
58429
76939
64263
57592
33969
80658
19661
58698
27013
59407
99756
84911
84134
95973
46747
19877
31208
64644
58014
50358
50056
14697
92476
76696
83571
26773
75980
80564
89371
44957
21472
21597
45448
73411
62280
21436
98256
95412
21415
63297
50988
94058
74152
90082
31763
19104
53749
23704
10171
22088
68259
89989
38692
78365
84668
97830
57765
88428
73429
43523
45055
62808
40083
67192
51279
28859
40445
80525
82876
50367
69565
98478
16743
52427
70750
60085
20755
81635
57090
90917
64669
56478
18621
10761
80908
90683
22363
24845
68703
84884
98052
58915
11623
36532
37381
40752
51602
89013
91516
28286
84317
81904
88491
51780
51589
35579
32492
49466
51924
80829
99928
62360
49886
70234
96429
71841
65271
68278
92146
98255
49678
55310
56000
16648
91363
32641
12076
33649
12761
10682
85779
28033
17166
89408
55745
23875
20317
18777
91499
71526
67627
59109
61811
23431
13921
73983
40753
22547
51698
37265
79753
17553
59151
70530
87809
32391
66137
58030
38732
28970
33871
80854
32065
14375
58510
92619
67280
57365
23647
57567
25483
80760
36173
56222
66746
32406
19900
50082
21695
84820
10384
19260
46584
92594
21574
75070
78298
58994
52675
43920
95359
24911
96444
58886
73367
72630
85524
15955
64156
95316
71051
22289
92084
83000
36400
25391
45657
92610
30835
71808
15140
38268
29999
86927
45829
46108
82836
60602
32967
14759
54070
87019
75314
88374
64734
74120
73357
39337
25575
36751
64992
40302
81113
14974
13646
21429
98420
97443
53402
78006
85289
74911
32208
30134
93985
44769
19152
40351
73833
14686
75416
