997
28135
29163
61422
10174
30387
60344
85968
77691
73711
43722
74010
32446
20298
33652
98252
91375
56799
25699
73168
39598
14991
25202
65234
41955
93626
80812
31989
32742
61522
36123
29543
47467
11774
12971
78038
12382
41084
75642
71115
10636
55043
28977
18077
76602
80384
64186
41007
95682
82708
24248
28257
44905
42663
17502
34285
81524
53241
44114
88226
27958
44739
48539
98859
96719
99767
10572
27626
43782
23426
24451
65569
23812
64892
22286
57006
59888
46145
55817
49665
66709
69725
63243
75048
17650
14444
14802
24455
74879
92033
49985
39823
44432
82552
15619
42467
93895
23687
65192
83639
28638
87054
53908
67404
95019
42608
40424
20022
44890
40586
67544
49875
24592
46038
10125
40276
99212
12554
28373
68185
43007
86033
63397
68820
37177
46304
50215
61634
46881
93875
65489
26192
37607
57231
90591
54922
66919
33356
65025
31680
86526
63762
54987
48053
90663
68120
48954
89065
44902
85954
74543
56431
25979
48978
68039
38833
30111
71762
52850
51098
46349
57773
92318
73818
74344
61561
97152
12676
32976
86460
37408
72044
14409
55029
84956
39857
77764
69303
29032
54420
74758
34074
32476
54409
40090
37442
89050
45817
27938
27056
48717
15693
88673
81691
53439
67315
55523
75649
25610
97610
92841
37869
33839
64773
65537
96951
45840
90443
55918
24811
32272
50283
47016
23645
26561
41855
78908
57171
91145
23151
42067
83307
71233
61427
48067
28938
76072
82920
76981
74128
94271
16969
96423
20588
54150
24481
20310
47482
16471
83001
96057
21814
52729
35969
66080
55361
18681
90898
91286
89333
66412
76692
22820
55056
95207
57569
36834
12297
90423
85837
37942
91088
68852
87379
13891
10961
71189
41877
81678
46929
67154
41596
72762
61727
28734
56569
10137
33016
55087
61225
35487
24284
86182
88303
60638
46994
24712
19857
98236
67125
88163
80691
11547
24276
55391
51625
42568
92959
89010
39187
96311
71468
33340
97626
97606
96185
63646
36345
12313
34902
47503
47846
47791
41289
59080
76370
73233
47671
75842
63647
54530
28505
15654
59712
89015
45878
14361
16081
94616
92808
97392
69340
38510
83171
32056
24493
79981
26694
81157
55629
71445
20183
29217
33909
53742
53903
44127
83889
72444
55144
84361
61971
92757
66885
49628
42289
58651
63444
63359
35599
83570
92694
79362
80858
33710
98715
15443
28794
39834
68364
43906
41606
83697
68681
85860
94244
74677
21110
49451
42451
57443
17402
87475
56890
30826
42328
57287
25944
92552
44230
12541
88411
19745
38086
66425
25870
55653
78785
69151
76544
91791
50354
18607
50481
34376
61760
48062
62494
52645
67861
13521
14384
51264
88862
68702
26188
95625
30066
70604
62113
79537
98926
94687
82276
10265
62601
85395
29990
92955
86554
92617
91888
84272
20877
92264
81655
47405
74022
26739
21332
93791
28613
55184
65508
85008
20459
26893
86406
11284
89483
82740
33989
86417
81457
51526
70051
62994
77956
63794
51931
59704
79900
87470
90664
67825
92224
15822
60491
40366
19219
84578
75933
59106
66183
69791
98866
47414
57484
56511
98706
29957
11209
55118
23743
82874
48343
11395
46750
13075
81364
45329
15582
18566
29955
35824
74568
56752
73632
56149
55498
62923
62805
68986
24339
26776
13680
51062
39683
35366
13138
15294
69130
32577
96552
56872
26551
32005
44914
10842
47162
86290
78747
64767
55617
88141
98057
43810
77325
85275
61628
22202
26554
98808
27323
31599
62995
97040
36055
87017
83361
46125
47802
84346
62139
61722
38278
91752
84864
53367
48153
24709
13763
21391
41057
64048
50672
90306
62258
23699
43376
83426
94732
36240
26475
93608
45385
21972
93924
86272
69967
89921
50981
38430
25624
93136
60134
59641
51700
75491
55382
64214
21201
56395
14133
35490
75786
60591
77399
14117
38725
22448
98028
89987
49066
99924
72322
97228
69937
29682
27862
89783
23389
13805
48964
63269
58757
33070
57865
39058
13201
87264
87291
23311
10494
74538
66963
48242
19654
58796
21710
47188
65077
74443
79205
96434
91287
48747
68403
60062
83208
19514
48100
68864
96234
51295
28840
90874
37744
19969
20630
85397
31739
54228
44201
49068
56027
26444
20931
81561
30991
51982
40892
23991
93563
75480
52273
17239
99310
59281
71515
76892
44219
82575
53714
88073
22790
32451
67407
