997
57484
24492
18947
30309
45767
50934
78946
83828
61202
88926
86646
53243
67542
59510
77028
96739
53966
87776
89365
28954
41567
14542
38358
72966
73301
97671
54996
72262
57972
69226
58587
52408
49262
64202
17000
10566
63029
38487
77022
79019
95887
75871
77878
68909
80424
19118
86306
46819
25496
68910
64878
22109
84372
60216
88406
53139
95815
86559
69317
84509
70404
99506
82788
76313
55175
62009
73964
78505
61482
68257
67690
92511
73970
83654
84969
24959
48377
70054
97816
67400
63374
47550
38330
44883
94797
38452
66353
28381
30940
42554
94350
94749
35173
66893
59645
57185
97684
93198
68370
62724
90318
28059
84921
19404
95913
34708
42685
19641
35898
67165
54174
39157
22983
55340
35961
22043
40917
59768
12218
24913
89388
22675
31075
22953
39418
62540
86058
82691
82763
81034
21809
25780
89755
77446
65397
59449
66663
45803
51763
60602
55947
28672
19817
60713
84234
72748
45563
41487
95303
57734
20610
40303
86933
18393
47110
55057
26380
75656
73210
65003
85219
40762
67761
54254
98864
41259
52534
87495
70201
62016
22847
41963
76505
56644
73406
55821
21739
90375
63793
48151
84927
39446
41704
18118
65347
93031
75495
74363
89211
87326
79068
99283
54615
21919
43689
78276
65926
26480
73827
76763
33629
56279
80671
10944
84227
72335
18570
55545
23294
45040
98662
86495
13537
22601
61061
28461
21635
61726
87575
91462
22226
63266
59462
52535
52629
93174
14919
24519
84893
67087
87192
38264
77665
54269
23139
65860
93343
97717
45786
84491
40652
42192
58180
47468
80370
90500
25222
82353
24662
92704
30032
22520
97693
60063
82334
36052
69127
17033
35434
38901
94281
94214
69477
89769
87558
73722
99822
18059
70915
19099
12528
88274
12899
54753
32856
88596
14589
42587
72775
40241
78748
55509
30743
49187
85588
66969
55202
38521
18168
26861
26878
42476
40314
35117
77684
20455
86216
40755
29875
40394
77644
39373
19616
18370
49728
69575
86650
30213
22438
55007
94224
95946
27418
41365
91384
96556
79196
21473
43384
57625
78241
81376
35546
77041
75085
38632
24304
87622
41884
80680
74819
37338
23710
79374
87716
66034
20360
75755
98014
55312
55518
88285
85828
36135
39947
85773
30347
55444
78491
74103
54150
23207
89063
28237
46958
56489
85069
76786
70796
43297
28181
10296
21016
62135
16736
10502
87752
95177
23599
95713
78053
95213
20819
37198
72271
75918
33899
36269
23879
29546
39932
94676
34428
66890
29557
65460
57502
45085
45155
42910
35833
93529
95068
88375
87777
91139
52425
24394
54062
99425
41637
99895
67824
87116
65686
99719
87516
45843
52712
55190
86264
25916
85947
46496
64951
25781
61403
19954
77680
37543
90069
61102
34228
67735
85944
73557
93344
25008
93068
98698
52971
20049
16017
82549
38351
97270
11894
10143
28999
16568
30187
73542
43749
63044
70937
95680
86516
84858
98197
31690
79404
68629
12236
21415
66205
10616
82849
86542
21788
90408
10201
75885
62905
50821
99572
89660
64617
52047
11337
17101
62073
16379
21846
79741
99912
80256
76791
95139
20600
93385
66148
53484
59910
70828
77953
67525
76638
89070
65857
36512
94720
69247
95650
66331
12405
86500
95995
23853
25450
98039
17575
37117
92872
50107
22763
88482
92963
74853
74506
81150
93015
74259
92436
58276
92742
22784
97237
65134
43743
40376
31943
17492
66032
81992
28132
90816
27938
22794
95929
46437
51530
57946
13553
80158
14808
15714
43466
44430
54916
61100
21725
10667
13912
82044
23905
97427
48485
53726
90443
76127
40888
62043
84327
75990
42800
76665
10826
52907
92641
55529
59912
40405
19260
84383
42719
40566
53513
27167
30538
94268
78948
96692
94232
87417
45862
96509
94926
17693
35121
25986
81127
32623
71714
49900
19016
90091
57571
55704
60005
77863
28039
46322
82832
71663
18155
14823
16127
76381
17476
36737
88317
68991
38849
57617
69430
46755
40737
48615
81251
35228
68795
64517
92915
43087
84114
48323
65675
80583
59567
97099
44772
91519
16342
40304
45115
97399
26155
85829
13308
24515
89868
78043
63570
77763
93277
37007
49893
32661
74580
13966
30871
23695
79429
25170
78025
12081
73953
23845
17078
51683
64358
87702
62246
74075
54372
23474
92886
71954
96480
10106
37399
90741
97839
79096
98168
85893
39760
45159
68730
44551
64847
56877
71445
77072
31872
92526
97870
47126
44378
16201
83821
93060
10657
47044
75276
68811
75167
54095
16590
15710
67046
83889
30840
31684
33803
18512
14288
65271
23803
36926
75081
21550
78124
49400
15118
49628
68457
32645
10198
72953
16222
93619
11462
35406
68174
41260
30704
10854
11865
23359
64614
64923
70248
60592
20669
20871
63739
75571
69741
92718
38823
37352
97976
79708
36455
71775
17644
22750
98948
16339
50869
21852
32830
45202
35418
68679
34630
24584
12611
56522
54230
91660
97759
53542
15466
16496
34259
98235
86251
65794
64418
96498
59258
95419
65451
79435
44642
95878
55087
54692
89337
33970
83027
55470
22413
34012
65699
50973
25639
98828
52512
67480
14721
66922
73116
79984
21996
27581
43463
72568
16164
81164
19462
14393
41689
12333
99718
14181
68368
75024
21992
13457
78357
97298
79551
37049
47050
52179
94985
34609
85910
33232
62915
23827
57535
93720
28829
59043
52547
87126
37391
95996
38484
29876
23072
64259
68747
65106
35709
34203
86740
94160
54723
52889
70254
78032
70769
19709
84419
48748
94435
43714
51207
57449
68595
10856
63276
36829
33666
35164
50678
69629
20199
52394
68969
33516
73196
83251
53658
88781
99616
52263
63361
93888
73560
88571
60689
63950
79655
32079
45619
23168
48631
35608
21704
19458
24933
17766
47847
57721
18011
30548
68433
12133
25514
86892
39937
