997
69088
51007
68291
82712
77876
47607
65358
49485
46576
50574
22094
56252
49366
85951
12064
82911
72022
49666
91150
75169
99486
27365
84538
18820
15682
76863
17755
34987
97398
17972
13366
64743
15100
49632
78783
35620
76177
25854
15981
17999
56485
55374
51725
76026
30401
53944
99708
51219
52235
66639
80394
74217
79020
81487
34243
34003
53195
26911
35711
87158
69945
41030
63638
85432
56901
31676
89286
56612
27568
68057
38495
74106
79064
44854
58048
35530
36907
47479
99554
89706
54366
95038
61224
37320
31506
55343
77993
20328
63240
32942
20507
71924
84554
86368
99247
55085
29678
73748
11471
39599
17129
15903
67528
32198
96116
89506
51365
60784
76628
38273
39181
75078
66311
14588
71051
64578
76671
12584
70515
67736
19430
22997
80478
85384
40188
96759
82606
53382
82048
28416
18841
16365
51527
58289
50326
21416
15814
79839
43584
81728
39169
85339
12222
25410
18563
52631
73703
65104
35247
50011
20176
49205
95032
68077
16655
15536
80608
50147
23274
88090
80603
77629
72358
17649
29495
12866
73518
84920
35366
90514
83732
15346
92529
25487
12278
35876
41821
26004
76372
38073
43047
95066
78195
32077
67371
92751
71064
89605
62378
62982
90069
17022
43292
63603
11659
87633
91624
44019
52637
76600
61328
65100
36648
11776
61726
85072
79072
34411
71778
68965
65279
77981
62105
39720
71917
72901
75190
31842
88372
43185
81255
94865
87954
28943
20760
21591
63509
69403
35723
66557
94120
95504
42643
20635
36027
36346
21073
49973
42891
55100
49399
37520
83743
40901
54341
20224
35064
93824
29518
13726
64146
98321
22363
62919
46348
46194
50849
56233
90302
17056
83998
73416
91044
59464
65017
10954
99164
17280
84143
55207
13179
50784
53365
52259
13180
96493
41069
64976
27025
69733
66287
39934
33507
46746
45650
96998
85249
38974
29996
78046
17945
56820
25794
48200
62956
26615
42555
48427
38367
29103
17262
49204
95496
31277
68774
80259
67513
89471
93036
71039
78582
52825
63994
67991
19327
96792
10129
11342
75505
44795
20359
84900
13308
47269
74621
32676
35580
38395
51889
97559
24124
33768
73110
84179
93974
80527
20706
66797
97675
21368
22942
22930
36164
97146
28835
42640
23800
11516
36084
48291
33650
75388
33631
71093
72210
43486
11742
93454
72132
48188
84496
80927
45194
79991
89562
83498
37278
66056
91437
56469
92337
84633
12250
87821
99497
25989
81177
31802
42544
79142
14785
35023
52080
92313
73977
51120
72488
91399
34251
53034
60565
63832
88198
52964
14553
69390
74734
90848
99243
62912
84462
36918
51922
37704
14852
66617
81368
82461
47857
68692
25867
99840
68280
53326
56840
56133
82593
71191
45900
41600
94839
19506
41347
83175
19222
12643
65754
78940
36750
62519
74062
48292
35548
47080
64952
69298
61945
88703
89710
54525
69281
20709
38438
51929
17811
77372
60734
44922
26270
44720
78358
34878
18265
53985
74162
85165
61770
31950
94932
53249
81747
13489
40604
13210
41797
24420
46527
80166
23322
31255
26914
45690
44826
84553
83978
95572
57073
74219
36234
19904
72690
56782
43617
56890
34238
27056
25922
96408
10248
40479
47339
39998
73254
76464
26211
77429
14192
27653
39217
31828
82244
98089
21156
83272
78825
76697
92698
45220
82270
54395
71957
63271
52218
88923
37544
12260
84845
54226
68553
51604
13761
80479
73333
76001
22339
59534
78999
77471
11350
42789
59844
81122
73859
43843
30944
76541
58810
10378
50205
21014
88663
64595
34956
98919
27631
83473
30286
67521
