997
40036
80383
35082
19834
10101
18449
71928
51064
19360
61714
83632
64597
54061
12997
58709
85985
94977
67819
71075
73142
81230
52241
81197
15674
60774
88820
47937
38106
53409
92114
60793
60624
61983
17369
97033
88248
79221
71644
39703
86897
51082
88682
91696
13275
87919
29002
44996
68057
74628
93680
61047
20364
65004
26028
88150
59790
66083
32195
94267
58358
25240
64629
89743
30306
98095
10554
68936
16467
23888
20113
82516
60871
60642
76904
93621
65577
56587
93545
49304
13735
28845
76643
62860
20270
57661
50473
22999
49846
19311
94274
81915
85825
58363
10821
96813
12203
98230
82303
29183
85574
95067
41718
79436
59378
60978
45789
62428
34928
64571
43142
28326
48053
98434
34767
39656
80314
50002
95046
94101
78993
64133
44632
31420
78502
79345
96393
73916
61685
49150
13073
53823
10565
98780
86131
79395
12385
10782
23797
31734
71824
85276
32312
61854
34953
68181
22327
19665
69014
89077
35971
57911
55654
88887
74911
90196
27637
13434
42425
21542
39434
58372
38154
86992
13059
56125
37584
41607
75574
28920
67580
88528
26466
73071
36134
39064
89042
79366
96436
91488
41896
56057
55881
74711
98871
28723
74533
45325
28492
99433
77420
71992
91902
21610
77639
37511
51298
13617
66852
56751
27956
23161
84353
94001
46594
19396
28112
29003
77210
55174
31072
57154
99403
99906
30676
29849
82621
90746
40595
81384
39433
23054
63158
52929
44458
98062
78986
55547
66962
70140
60562
39107
67790
76320
98124
55471
30206
56138
78432
31896
43757
53561
40142
60803
19292
22746
14084
94593
55502
13086
27322
94734
62269
14032
46605
33812
56690
48545
36127
46251
64911
55077
55051
19999
67249
95426
86596
36492
43889
44300
71793
36260
65958
30079
45176
62345
25256
86871
27164
48098
10019
69108
83173
15532
65005
31464
34686
25633
53867
40941
31135
44961
52596
54571
41680
85422
53667
37166
16805
38633
82074
91230
58732
47089
11614
74855
15111
86587
54120
24087
16429
19690
71596
69908
96884
53812
65869
20198
10522
40168
32657
81367
93310
28563
46189
51785
16698
87527
40743
77091
32191
83763
76524
81811
37469
15103
59361
14814
54946
66760
19429
37623
86728
38038
21206
48133
38701
84237
10934
93608
63057
89586
47836
98772
52805
57394
49547
71151
85182
84777
51662
23125
22270
83615
79954
48339
19509
82865
55757
36426
40734
49857
91866
83552
75825
29382
74734
36286
13966
18113
55038
54921
53194
47691
12254
94705
15230
68334
16530
46917
44528
96885
28711
21986
37387
86589
45757
31868
22870
80015
85864
43165
91137
97664
92335
22522
86291
83084
32713
29159
75954
76016
30640
12200
98131
68699
52371
41559
57325
44855
72907
98566
83981
26144
45988
63241
34602
31009
17553
15931
99685
39560
44775
55949
34408
13680
65582
35053
17823
82833
67956
27191
95459
56692
61310
92679
48853
86785
34434
90428
86744
66276
14417
12443
91116
19907
75827
67030
43573
74645
86295
43188
20204
58004
58710
99236
29083
38947
25309
42756
46207
27468
56139
78703
93359
90851
20112
85718
28941
48267
56853
98669
57048
17208
49258
10154
69602
58153
52597
65408
80258
69854
60107
76833
12866
49018
14328
83985
85340
21452
27537
25617
40995
56952
34461
92122
51246
28319
46681
10534
69323
48430
98752
89129
74412
84377
12154
10192
61091
77727
28355
14624
31415
92969
43556
10959
93106
32298
50360
98730
59332
94441
10618
76497
91983
27768
96023
22177
76196
61967
53598
27123
43587
21331
71773
82229
54732
20818
88181
61654
50190
26864
32535
31506
15186
47374
20717
56627
51768
89751
79104
91832
13045
41059
75841
76824
57015
78348
88398
72679
14740
89241
21075
42202
68438
25390
42051
45331
45499
36847
90290
36236
24300
19595
27685
27115
99398
85110
99443
30309
56143
29167
89186
20884
21635
50422
32045
97553
38958
91684
75842
31900
80484
83702
85397
90052
94973
12803
25450
47495
19099
82478
87372
97648
99337
78175
14357
38326
27034
20305
30664
25437
88840
66745
11886
14070
61802
48438
60963
80681
76584
88756
96479
44840
49789
18535
87592
64721
66311
19119
49755
32918
15477
72003
81884
14430
42505
72121
66346
71475
81114
70919
55524
71340
85240
68149
67298
82442
73575
48330
57625
57665
57743
28715
34787
97064
38066
59007
66070
68325
52549
77303
42029
30606
79062
91949
81646
18744
17655
76777
16646
99902
25922
27936
65568
84348
53585
84343
88659
90344
43526
68642
42588
59408
52533
32247
46466
82391
