997
89174
72935
25465
51226
92256
67649
65220
27896
97047
58049
18370
84157
34041
22499
48286
98333
63858
40442
57164
17888
51072
39119
31744
10493
64610
42183
20969
84207
58299
90230
72633
12764
13855
63398
21305
49122
40254
11350
81120
14870
92826
17658
84963
13691
54410
54975
73204
60995
96688
15112
44305
66300
33953
80695
77851
96817
91704
17136
31918
66943
77052
13268
16450
91316
32113
14494
49246
96955
17632
40217
44343
27130
28852
73936
50712
26880
18119
84549
41045
58142
56172
99504
61921
26968
96402
71184
35428
39430
62691
47986
17948
49866
37731
69969
93115
36103
84989
47146
46102
58530
49020
42306
26685
17330
38378
54938
26186
44327
86127
45486
97989
20206
91670
56034
87835
81481
81125
97926
26715
27266
25446
53239
26720
64600
90272
71002
17263
64643
45368
81092
82585
55204
89489
30937
35804
65743
89025
67805
59445
59016
23867
40971
19214
87122
93078
98192
68132
33582
24399
47003
29562
99180
55971
83541
16806
71639
89813
75230
41729
62658
32614
66533
90689
82817
60360
45672
98459
48631
29236
25352
74130
74419
61007
21590
83438
97135
33245
19242
50650
58508
22277
48948
38925
68262
72399
93388
38542
58059
69853
82040
47509
10043
41792
32411
65535
11002
46488
45559
90342
70508
56706
18532
35141
89128
72753
27012
92737
87143
22625
98913
34357
34016
41601
31556
90402
96121
72564
16980
97784
30145
19480
12098
81309
83575
24716
89164
45318
61482
19805
87442
90495
50676
66958
51466
72318
61730
12924
30218
47331
78319
10830
13355
38935
15401
35653
41070
71601
21969
25802
22895
60778
54231
49504
35388
11556
77378
58833
14766
83324
49510
34636
16420
55787
79525
68976
77603
14854
16499
49023
61892
60676
62533
37428
38710
22792
68516
48142
10024
92723
88862
61675
57802
32584
48759
53845
31903
21101
23845
36542
88276
50677
82436
51938
38594
79569
27257
80752
95405
92484
81634
22012
31817
76604
66968
64067
25095
14573
77598
16267
48770
47043
92318
37106
62343
97225
88022
46426
47316
82542
83696
20900
15234
34787
55239
79488
47378
85108
48691
57114
36379
97891
59652
32370
85379
96130
58873
70645
52744
22816
72080
57814
43829
99517
24073
99108
25680
62762
27529
89094
14711
21063
65661
86682
17064
44565
80425
25661
24519
31679
64409
43160
39984
30624
43781
28573
67413
20227
83023
77091
78827
80252
92662
58647
64609
79159
97904
96937
98653
68945
72376
87261
85088
44028
91949
49821
39781
63993
68647
21614
46463
16555
12436
11549
37126
28003
63032
16504
78879
72355
46989
84111
27569
63667
78851
77492
93775
61414
46341
73660
35212
81841
88676
40697
51637
52993
65581
19085
30517
28742
96282
93164
35601
89906
43785
11412
75139
69111
32711
70558
92377
34750
97485
34388
97821
64795
58938
84120
35627
70890
25350
56993
84180
42827
94881
60636
84479
35486
92829
67522
32646
44982
10123
42604
40380
40703
21765
12501
75452
28574
44904
42682
26171
59655
24763
65620
47268
37358
29059
57176
81591
53067
42388
27049
15501
98906
42574
62187
36198
96168
90424
37752
17623
51433
54627
22283
32990
53034
79940
63911
92964
87496
70901
10698
97433
19293
62984
15162
29979
50419
21836
90897
28337
28940
41904
86700
93571
80779
22732
19745
79508
70956
24099
68644
80741
63730
21423
60886
65649
47133
30659
63733
71874
59934
93654
59401
81973
39394
44966
27712
29920
47473
39594
86987
60650
78433
19984
29521
72645
69705
77734
17616
72372
96911
81181
56621
40153
49364
65836
41660
63048
26625
93655
36674
15209
84191
56392
50109
21392
34162
20973
61986
74393
13236
88452
61895
99563
32156
64983
31809
80461
59613
52599
76385
18420
16776
13193
85407
10923
62128
76086
83457
52224
27951
60680
85538
84086
80041
64041
66757
15233
78268
98770
43590
62413
50406
81586
87995
42554
48547
27350
91485
37463
95214
61972
52210
20354
54338
42852
97272
53688
79162
92074
88764
74566
82035
15404
23330
76118
16636
81352
53650
53661
21666
53607
58196
83484
25729
11589
67435
29311
44136
81069
91449
88160
68586
55658
29661
75299
