997
91057
84083
59359
39842
90040
48324
26724
34161
52593
79214
62792
71398
56105
36357
38701
27245
57876
31470
30068
36589
84453
50660
66515
61041
11040
46401
37942
52983
42835
78025
67886
31846
88815
38340
57027
74895
51664
74440
63257
41486
81181
73611
65410
11186
11826
66467
58206
79946
59231
68911
99565
69869
36643
41673
35210
38959
35469
81364
54114
36034
90192
33234
44459
29775
88981
90575
28124
76237
33770
43798
57856
22191
71504
88260
92351
62882
56057
15084
72315
95226
93215
61754
26035
83323
47766
17914
35932
39489
73351
88536
12702
86634
97722
32290
87477
40161
23894
39653
41468
14895
83627
85928
64199
27631
18693
95525
86690
36550
28221
75258
21824
90776
70834
93748
37546
35603
82406
77089
97378
33614
79662
64396
34818
74843
94052
54618
22710
24317
68836
69617
30184
93564
58294
84423
12593
81518
17913
41755
76462
19204
62601
51629
82420
41898
21662
41334
44187
99915
91240
44402
76205
14225
61844
22040
47384
81198
85656
13590
14484
57811
36885
77007
65995
77919
32791
35888
48569
23609
39171
23840
98259
77557
30529
84756
23015
33950
88210
67401
88681
52802
71975
23862
84029
60082
28640
27962
58055
46723
59277
14378
36743
94980
97071
33031
61408
87198
88394
88592
88917
41594
71284
81843
46464
42343
84095
34865
82637
74581
49752
39398
96328
56477
82870
67260
35077
72936
16657
77793
89135
35484
78311
93042
62873
40575
24305
73729
83165
85888
31751
15005
68875
43792
78764
49343
21948
45062
15706
37693
15848
46091
18506
36683
23034
17276
97671
15774
43072
22569
86845
32207
29444
64080
64050
24854
57956
73530
42427
24080
99093
61383
16142
37923
31225
81414
11648
80601
99837
90559
42309
95151
32932
50541
66008
34940
91192
33976
21500
55121
40525
29148
73927
77328
58575
98941
11102
15079
67100
47185
23657
40815
52279
73967
95458
38232
53089
50465
75746
41966
66746
99871
71836
96182
51164
60176
87680
39662
77084
28875
63746
51374
35530
42613
21877
55042
41727
81670
19670
31285
88732
48357
85056
80298
47735
57291
79180
47955
99419
18730
36987
66041
41135
74969
68660
10144
48407
41303
18568
79858
62088
27113
76368
91201
87842
41178
88339
68791
32170
48678
64797
10737
41456
51077
82911
68787
21716
29595
46023
72179
28568
27613
85182
99370
79436
91954
60454
12879
37326
25216
35612
50671
67106
78722
86327
40228
73721
90635
22888
89283
86770
91354
47745
31997
60126
18258
25760
98009
19847
88751
43075
65711
41874
60691
46508
65101
63739
35712
50082
55710
10878
95256
40410
48145
50046
83338
30527
31485
26940
77527
64045
31806
82172
43731
90530
47633
85912
67396
39724
99417
18992
89931
95141
88821
69045
74767
37354
98367
47134
99679
51541
88507
40025
38452
82721
84572
72542
57580
89886
31477
99262
24315
88288
28573
13605
12767
51818
76654
94925
48957
52852
46096
94570
91454
56562
21249
45993
19967
48514
56062
27925
49420
76719
44460
41909
34588
40049
61650
33757
35042
39421
66697
79096
87905
12600
15031
75792
73733
93524
73181
48647
53516
60965
91665
65587
16602
22741
44054
22969
97192
53414
65719
53285
91152
25231
84907
24816
83408
71356
29337
77538
75928
21002
59023
72773
17817
60003
39309
45116
15950
12111
89431
50305
56087
17567
83044
28796
18509
18086
64530
88481
68308
35182
45244
55515
27296
94500
10131
80690
29174
31978
50164
14642
78855
41057
80971
32359
71468
83398
12024
21407
37092
95025
24481
90761
33506
26911
82570
21326
55922
50536
44365
60417
68528
79653
12950
46914
58773
94973
39774
11905
53979
21730
42031
83559
98007
16514
81648
34932
75253
88529
60058
93864
10541
60990
51537
76662
86147
91552
20934
12257
52514
76898
15847
20530
96043
24900
26600
59404
98634
10951
40854
70249
95851
81990
72763
32146
86483
82269
56446
26558
79247
35300
67244
29762
98141
57961
19266
21668
98379
35609
50994
76712
71547
81075
94317
17141
39534
38791
70812
45321
84181
97558
95840
23325
51893
79205
91178
94053
91169
32480
93941
34968
30500
57896
97054
77327
56739
28367
30548
42267
18705
92606
41822
16005
17415
62121
35467
50564
30981
75337
33213
27998
49943
22263
83878
67573
31187
74266
29436
23257
89414
31103
67558
81880
32854
47770
60825
58390
63733
52201
17288
42505
73619
52228
16740
20206
65201
86236
70376
18215
93561
77935
77486
99922
35800
49707
73812
37990
30597
25267
81644
61372
40280
58542
58356
84048
74427
86712
46909
17302
99844
94218
76902
42900
76738
30326
91588
27202
19804
53399
46446
63215
30904
94339
50883
74591
34188
42943
39892
90120
78257
52547
38267
38919
71846
94074
83595
66057
83616
78317
29069
79823
98256
27116
70374
36976
29618
62232
93897
77172
62906
62577
38913
79979
49896
90323
34222
98701
45714
55357
28303
45551
69500
91044
91501
16960
95413
87067
65559
55113
44924
93680
64445
36728
57543
10565
11754
83711
38459
76887
30466
24226
93158
99530
43110
38309
11090
56547
88726
70131
61740
81745
46908
17525
70496
91511
98405
55986
81952
70353
60573
63540
75825
99170
36725
57081
12768
87589
30324
71295
52143
39717
23101
88270
91062
85209
35422
34652
83837
39213
35529
52644
65016
46832
75899
85442
33056
49625
52603
80084
78053
64889
50319
53839
52621
88849
94089
56234
89640
86564
56322
53750
96204
73263
18680
40798
85891
82962
39515
60850
27367
97022
54785
76240
64764
47154
87509
85446
85206
49756
83436
95252
28554
68545
80109
41496
98130
10142
52744
31745
27616
75745
90734
74946
65837
58210
36015
21555
86801
54636
80472
86470
70686
49716
72411
87442
79186
87296
10788
75543
12588
37398
58566
65984
98727
62311
40417
53749
96949
42379
46817
35084
71292
63237
82245
42960
22917
51395
59821
48052
62807
58361
31066
91375
60441
94131
43213
13999
47708
51730
36703
81697
71035
67310
42670
40653
49063
97227
