997
14681
86521
78332
54379
75060
67230
59028
89697
63061
23181
48922
52787
93760
88420
83588
32762
72446
67411
26157
10165
93674
72228
40005
57976
97204
55936
28239
21579
98578
43264
67193
89591
53825
51497
56297
98831
18495
55451
95945
99573
98244
16114
51067
99596
13112
64373
27121
18475
68046
72205
93201
28111
67580
69347
90720
21440
25675
35646
80983
81183
18812
36821
53408
41530
63463
49491
10300
47984
97231
50861
30136
27347
40903
22602
25917
22537
18108
82966
25483
24543
57119
45824
29846
22925
56547
54952
83299
88520
77817
38955
92474
19492
10038
55960
31303
69012
90756
98326
92270
38916
58122
76860
32242
12435
15005
19129
84712
61481
48963
95584
83087
37893
61663
71006
54938
28680
35210
71787
25736
34657
26811
80976
21766
89139
85282
74821
53391
82291
79694
51476
97666
57793
23477
13563
78985
56672
20722
94919
51917
46283
16659
78165
56041
41935
52972
43460
20218
27131
70651
18804
53999
70039
13219
65147
66027
62110
39343
92243
58005
67619
84201
48174
98392
44262
44314
46789
91145
11756
45841
17697
14376
41795
64368
29861
73809
28729
68469
23050
95544
96845
74555
22242
40994
25582
37400
19812
78101
24483
57293
61552
81433
75541
89137
15830
91731
82267
13063
58990
11523
34585
53079
20057
57771
92301
21543
72126
48504
97618
14129
88419
52941
47738
48262
62619
62149
67454
76139
67276
70685
77984
12839
44385
88873
16833
76094
47448
32143
20059
48729
33469
20191
28848
42940
66854
98311
49797
59727
43334
98886
45353
78176
31938
81186
32528
91994
96681
47215
65919
48826
36889
26876
58932
57283
82840
62537
45135
87712
81218
25505
75516
96090
63945
27050
51763
90883
73210
12123
56378
51530
86730
63266
63910
22292
60814
84897
14613
43870
92293
98240
10542
58840
76663
25137
32226
27177
45200
13137
67892
75151
85092
41301
32234
11249
37029
24508
47761
52040
81141
67805
36624
46636
30529
84731
96094
62706
31120
30821
63898
80887
84896
98126
41272
16677
74120
50068
22989
76928
12204
46148
42124
85231
88936
85014
11441
97644
96334
73188
18870
88192
39718
51822
11340
85845
45515
36587
81549
59264
75791
84933
59751
44716
95018
72875
68767
12189
41194
22655
57658
56323
41478
24379
17440
48663
90637
26077
32270
10183
79990
80484
59750
19118
51087
96087
25169
13450
16024
96794
92857
92808
38263
98978
44636
48166
23329
21775
59858
45866
96772
53153
27469
49302
48670
98998
97640
98402
18455
17271
64282
49822
60797
88978
48989
58764
92081
19166
55463
80974
21475
66128
22951
15799
43186
77825
52923
45853
72531
80118
61902
47663
69116
97358
23092
47293
63322
72350
53725
33831
21910
90121
35135
27779
13070
64751
87107
51400
53734
36389
82568
87334
93581
33490
47622
59039
20885
99815
72322
10158
93478
50785
62511
57432
65604
79176
57325
25279
76169
74504
53844
38399
28715
68588
36840
28283
26074
91443
23487
81622
97708
83558
62772
19179
42603
13409
95191
76031
22704
28306
38115
16826
46131
80746
11404
66956
65791
62088
56932
99774
57001
60432
52096
97775
59320
29999
37791
86963
74653
64834
85781
14913
57659
63129
59539
88114
68396
98120
47174
65536
65236
93127
67672
51034
51941
67860
23542
56544
56363
90460
97454
