997
96344
59162
28405
95389
38668
43976
64676
53144
61701
85505
14257
88782
72002
58210
11789
96788
21969
18690
73119
90870
87132
32693
58608
38829
99860
15997
56210
51947
87483
21066
27628
55214
38653
20502
43514
92062
14178
38695
78280
71398
99894
18321
98025
40312
37984
25477
84218
90377
32164
72911
60138
48777
51964
97628
40186
69503
22369
19666
26321
41142
63158
75440
10589
88722
59496
61166
79176
30331
55097
94212
96364
57570
65260
72212
55762
62037
41244
24079
49296
29128
37271
26061
38452
54409
17499
41172
10965
82329
12587
36065
64135
56393
33389
42568
58049
68605
52859
28265
64150
29367
63600
34853
12526
97669
36335
80599
71108
66465
32855
76270
45189
67887
40016
54917
24150
48714
12660
50107
96775
31639
31712
52384
67912
38271
66244
24321
90454
81642
80607
92866
89251
56115
24429
97054
94712
91154
72116
91818
36449
20461
27121
49278
21123
48853
41662
83221
99919
54724
10986
53213
34585
57211
92841
59062
82142
55225
67204
99223
85479
42695
20472
14850
34045
82863
96710
23023
94183
81201
72694
30943
20600
69167
21737
59850
57478
68972
37979
72057
95551
34968
22419
24724
22789
83756
36467
12331
22784
52235
28333
38842
82161
31533
83778
65871
88040
26616
61223
38523
37789
28874
94024
21804
48035
75743
34041
60545
35999
77641
59183
86308
61396
90039
59076
40120
87813
83193
92100
59781
61811
10839
67403
56712
43478
63741
25686
68373
23389
87839
49332
