997
90266
40645
87305
29002
99203
38365
59280
84697
85612
39932
37417
89471
52007
35569
73481
11307
52181
78490
64188
39535
55553
36543
63401
25070
28409
40523
65899
90275
43722
79899
35804
73858
63750
46055
17572
27994
64700
83917
80220
81316
56400
53730
70993
82318
38225
95130
16446
59718
76257
43925
23731
23357
16114
98236
99630
28216
89642
70630
11898
74509
48532
72714
83453
49476
40446
85713
25362
14253
49377
57945
52756
34953
17884
66541
23561
74952
25010
63069
24416
76877
62699
52656
11329
74329
27673
53363
24728
16474
73639
76098
46997
37029
80274
91591
59160
46354
67052
11320
71037
90137
82581
91726
24631
22705
85447
60821
57476
89923
63979
22435
18618
97069
95073
85584
92921
67607
20560
85219
51599
86505
60787
97538
39380
78960
73966
28576
74566
65592
78432
89973
82489
63504
43480
42696
29389
50936
84531
97194
13953
38291
62496
94663
91727
93064
20747
58760
71755
39072
26674
42162
35976
22732
42817
60871
80227
49929
32534
88376
28848
53701
57146
73811
49304
84870
98984
39723
88722
17442
69413
92527
86062
14026
99196
75520
44805
90260
75778
99632
83367
55580
29569
60725
68295
70523
85744
22914
95167
68132
18541
35854
26678
83395
82980
36233
47876
73525
56067
54164
73363
76225
43201
45075
75077
93806
83685
33734
60252
27892
36700
28070
12946
58720
97275
16019
65708
47400
51074
74106
21323
77886
28854
37668
38828
12021
29235
20027
47043
24960
69501
34229
18866
10234
80434
99491
36068
86408
72237
39304
13162
75412
48479
57893
38045
55206
32502
55110
40454
19419
99438
42598
56663
91231
41948
60269
45515
86187
10797
82931
37482
99611
58545
90894
20904
78223
27668
69983
73027
86310
29792
61715
87650
52431
60733
49799
32336
17031
77740
31176
85264
31276
14553
54633
96002
85345
40214
15126
46328
46107
36753
69470
99228
65570
99024
85069
57674
50883
65446
60260
12004
13206
34234
15443
26698
27495
58569
56005
65549
59687
78864
70835
41655
21208
26275
15025
16159
89524
72535
11650
27615
85477
86193
61811
57420
74371
45704
26033
97635
78704
47600
26287
96830
37032
48294
91729
97165
41194
32866
67356
89054
84185
88100
93514
27215
78855
97391
99583
59601
52543
27526
59674
74280
15107
79130
13781
71003
66092
23518
99453
72240
49391
70035
14741
48774
35512
47377
31782
37466
80129
70298
22691
59920
37025
77591
82473
92629
15083
19744
97854
42058
50202
47190
11730
47861
91869
65635
10957
65885
79274
95151
12191
57779
94610
25717
76784
98043
67968
96427
21863
70857
51817
73983
31932
14326
73618
90984
57524
85304
44174
15011
55004
61874
77303
88306
37429
39459
40577
51993
19552
98915
53746
91576
83015
77431
38356
39047
15751
63179
48677
86255
66908
77349
48244
77908
71647
65670
81157
44358
19959
36433
81379
44610
47900
50470
26072
66420
45275
20646
24736
50635
21649
86342
67354
47847
49602
81431
76990
11167
11715
20767
91659
45488
62035
88229
70416
31532
21202
34568
78396
24927
62867
58329
15577
60688
34507
90959
76424
12638
16774
49852
26592
18739
80607
96188
24681
36082
56054
25117
99980
13033
13788
49156
27205
81211
66969
36091
37628
43087
45496
96591
77132
50072
95743
14788
35863
73344
92852
70896
52958
92023
64384
72396
43823
20470
78892
15942
38544
13885
94353
78961
23115
21441
82284
88281
60255
19801
84826
45998
34217
76546
13597
89832
45472
10236
92735
15779
67760
37088
78312
98092
46573
90353
99895
32294
67246
95549
53720
51088
47735
52591
28913
13869
18662
27014
14662
95436
19751
52350
89628
67802
46441
42550
68900
81840
99814
23706
83211
89556
32251
78089
87898
72979
89272
88664
98860
78346
37528
36276
74214
36581
70138
30961
51767
43996
98328
74076
10998
47990
12465
13550
39703
81885
79970
29922
30195
85839
23671
69905
84153
77909
52070
44526
83658
95711
74057
21072
85415
40973
16264
16964
38489
52680
16815
35579
58806
53817
75482
11893
32531
37690
74997
90650
57874
54976
33516
11468
70696
85567
19542
77083
71410
15913
98386
82370
65210
15922
14857
56191
76917
99381
21382
27239
66342
47508
31175
70701
69472
53083
77042
30070
50519
22204
51499
38087
20917
29125
67196
85898
51080
36145
83612
62290
78524
10687
57366
67992
94190
90620
75697
46155
48418
93317
53358
54645
76390
11958
51593
89752
29473
35534
27400
18318
36526
88081
86487
20923
33725
87568
88224
84740
11321
34317
33214
34176
95802
89180
64331
71976
22849
27333
95441
16581
22092
25114
13710
39134
75166
95227
50480
58063
65600
98118
23444
21947
72775
48343
60623
15548
58011
88836
27277
59498
78870
90240
38221
10310
98686
10268
95408
64308
14367
65360
43494
16333
80721
90589
20959
95957
71605
69264
94201
85913
75033
12461
27223
41206
71939
91628
95717
38887
42370
96561
96205
46971
87646
14693
35552
96312
37075
42160
52568
85942
46018
60841
25078
69697
91205
30109
67770
72815
56764
17027
21233
86390
72271
47903
76556
46404
29392
35959
19821
58093
70045
67781
18633
33638
91834
60101
93619
80092
48650
88312
79948
17937
10633
77199
59196
40160
92905
19879
23105
66679
40995
43898
49693
88633
41403
17460
75004
87145
38331
12116
11947
20268
61105
45541
25425
57620
71837
41144
63662
45312
80344
14786
12724
21073
21327
69285
74761
39846
86861
40050
31754
58790
34918
59225
51475
91130
58988
65918
79366
78008
11607
72752
79640
74185
28361
67334
29921
91450
22188
60976
66890
45207
84365
68464
78985
16460
21897
30885
80518
78006
63483
32278
55254
81522
73460
93290
91287
11358
62198
29955
91342
91535
81546
19451
75750
22137
46979
25288
54344
89337
77245
90603
41057
15205
16588
93983
33356
26774
52251
59626
98080
75935
73998
98817
11768
76977
77698
89257
89115
78290
20549
47461
52469
78165
84643
63017
96815
20826
51036
26628
32250
37862
92189
92035
47024
54726
13506
63251
55764
60341
56967
26001
83372
11180
43035
94834
37530
22754
93074
61241
68233
25146
73568
53911
68099
41277
95668
58871
22608
71021
68045
89529
98282
54156
79766
96007
59027
80036
60367
29363
21537
67328
83176
84431
39379
86272
50874
82979
91997
22526
17166
73806
44762
28592
98170
28447
44867
74527
89722
21016
41370
61828
51032
11690
95065
67462
74992
68939
60983
52985
94728
80424
31151
38534
61386
27402
