997
95969
38287
19376
55228
97394
49491
42023
62129
64360
81482
80136
61918
72536
15546
31823
51010
22852
78497
75497
41679
97875
61393
16529
81658
94980
48586
42842
54821
81974
16154
20143
12816
38876
11264
15996
43046
76771
24441
57581
10750
52926
29531
81053
58895
31636
43775
27318
78486
91009
93026
24685
22689
97909
48048
91713
93976
25074
58731
73275
55329
89554
37112
84413
28279
96169
27852
13563
70520
91910
14869
90210
28267
83019
57847
93302
91974
88567
16350
47562
70502
59915
22015
68872
94057
97185
11475
14002
70047
26059
98184
39166
12445
86318
31937
14004
80003
25175
52493
25098
85537
77227
99005
86616
88636
46868
36457
49987
57640
40008
95426
34751
99459
63447
20478
21976
58782
16774
95620
36912
22155
34840
84339
12469
33478
14990
11123
62620
15973
70411
86826
17458
88446
20316
42138
19735
55065
19600
77810
18608
41351
75247
75789
61986
95390
59925
90802
69625
51632
44266
58881
28603
43997
48519
70319
69188
13999
74959
16085
91031
10388
86631
29981
41113
46683
38911
29040
70138
67707
63698
50755
50371
52163
86171
53279
76841
93034
17687
70247
45064
37396
89406
80919
38203
69337
67388
27688
15108
69573
58681
81569
16300
86622
48146
30666
94476
49967
57181
85674
25147
63676
36308
49008
64872
33231
68491
10194
82085
61946
12052
87483
74099
19972
33211
45153
20890
13434
53724
19590
56958
20222
13691
23050
75075
58835
77765
58878
94316
37764
47603
21032
29596
80634
52705
54838
74937
71123
69433
86846
22701
94703
96379
14053
65693
46284
41573
19042
31531
90610
12284
38816
55350
80934
56312
74167
28370
73433
65448
43766
45000
38826
14888
76609
64355
30934
59475
52195
79998
68200
38986
56826
49208
60080
53684
96094
80959
45664
14999
19841
23222
87174
53511
90331
89930
43867
49438
20738
60803
10567
24343
98353
25751
91288
34930
60794
53380
72277
37387
18975
79718
87911
10527
23750
76008
40708
24703
48588
17168
57467
40501
72544
57225
65044
46014
55479
71237
72350
27177
21814
54540
50874
58287
24634
13500
74683
52347
96622
93992
61424
73545
22582
46984
36284
56860
36420
80974
87779
47825
43313
95971
34111
43221
29808
33143
26707
70395
44531
22081
36152
31088
39365
64280
15852
56794
37146
43623
33411
60988
21075
95084
67131
62599
96325
28683
67257
58912
14462
55401
76157
81273
54171
20775
85142
46854
63165
29883
26040
29686
10619
27080
78629
72941
39237
58341
69387
34693
27053
23884
33239
47974
79186
25691
20126
45443
40244
83569
88335
99341
11077
55180
58536
49935
92730
46448
85731
74748
67151
87723
20837
94387
46465
76928
13106
70121
92856
27086
65830
66250
59638
