997
87705
57180
59329
89508
28640
74359
99894
29744
63584
88343
99217
43078
27336
40844
82675
52565
49325
31023
58346
38515
10375
16948
69382
40508
33270
32244
47929
78333
50183
62378
67568
36174
69221
38512
20073
43031
70018
92386
91504
32974
93184
16260
96182
40460
70571
25009
97100
51092
12787
49869
32705
67465
46589
68358
38293
60652
94583
92283
87629
20157
39712
30214
27815
80079
30009
25633
18011
84936
47757
97427
22351
21630
54899
98426
40884
72317
62600
71068
73304
62214
73162
17386
13275
74923
99719
54904
16052
72117
33300
80078
14909
88425
43252
13494
64877
81496
93469
46636
72037
99406
15228
32614
49491
22915
20595
67561
14127
42412
10939
42176
63611
50396
62382
13068
86732
87149
71585
21514
54355
95337
58925
45310
37244
72348
52630
66808
79712
58766
68993
11487
64831
16462
87948
51838
24373
47805
64325
59465
86174
48766
12225
97010
61492
22277
53327
67427
36634
35455
63249
76861
37836
13916
97174
11544
49889
50224
82809
30211
94852
96367
47736
63022
36297
24211
35997
61059
29951
38003
48867
69431
78349
35735
78902
87715
45388
10547
94939
72343
83392
40888
72602
90864
82549
28788
85664
48478
27675
27052
91891
10095
70944
50532
59454
38961
97630
21113
27822
73490
15641
68526
22252
81579
40643
95456
17033
50286
91198
64904
32385
53170
71263
72403
66042
73302
68953
64354
80655
42939
97523
91556
64699
77427
37155
24454
76461
96609
82826
40845
99558
63221
61227
26660
37370
63364
41180
91824
97627
68211
34776
22025
13326
86995
55417
77744
49656
12771
69421
81014
20463
21925
29673
43969
11613
25290
23027
72644
13863
54681
20294
31853
39376
54177
93310
94263
70565
76680
24465
90543
96224
93095
58403
90131
49055
37443
91170
65903
38090
53102
98106
49852
73694
98774
66619
35577
48826
16125
29068
56844
25802
48787
83645
18074
14451
29244
13429
45879
95396
11123
37369
16317
75650
36669
75654
27425
18053
42083
84522
61970
84570
83061
54430
71990
80151
65033
60078
98593
78713
33338
56774
94198
37001
30743
18920
38164
49606
79524
27406
89062
75602
57452
19834
63511
65361
56739
42639
31499
65562
16649
35907
37210
20836
20315
92513
28496
47962
91467
25217
94955
50764
60325
10647
60655
89494
79449
54764
78687
46309
43262
61885
32203
20587
33848
51710
87588
91607
47518
58457
67784
51704
43709
22393
81733
92620
11972
85450
40126
36360
14601
43264
50228
29152
14248
61967
86825
50888
52548
83127
63311
