997
42955
44793
87720
81286
11071
42409
74424
54397
72281
41782
24296
70095
76104
84211
27869
74960
15962
36344
11391
43304
27377
39151
93001
11955
40842
46843
17338
29230
63103
98280
45912
85509
11768
69062
49596
35479
75698
60198
73144
73984
55607
91903
14950
75389
56204
82095
91416
47762
10716
39523
14495
71190
77965
95309
16007
32274
23717
80024
45854
44465
83676
98942
45338
77266
29281
85111
18011
21185
97367
42870
93902
71155
53882
97915
65738
15970
27041
59269
84753
18603
61701
78078
56459
17010
19496
97637
90490
17646
47616
56675
82322
21491
11275
23606
75762
58233
11733
68435
24152
35581
42903
14892
47347
27627
72942
84241
95053
13144
51953
94767
62911
29265
87185
54797
94769
89321
80546
55611
65352
99748
23181
90404
60896
29212
85297
98618
93529
71233
14837
47421
87937
35782
49808
95448
82314
45661
37986
20665
69672
25033
69702
58005
42231
28048
15133
46050
40181
58224
27817
25833
53868
30199
39704
84590
92227
67007
61477
58831
50269
17978
17723
19782
86020
23560
52125
89611
54793
71209
52612
78715
39680
42753
95048
93931
59905
24434
62412
32999
45185
84015
42435
13997
63705
73982
64945
94704
39858
90942
75194
86820
97607
37404
53395
23815
33704
38406
16812
89168
83565
89943
80342
65179
47177
35059
51514
20129
67718
97824
25557
10721
44155
69986
81972
31039
65790
87596
67655
58313
75467
75538
55139
43083
71495
43642
14539
57477
90892
96297
53584
11041
57849
31198
41541
22490
53939
95243
59980
81293
99011
79160
50368
79638
28960
28573
91030
97545
40011
56043
38346
25990
93236
67109
83822
99023
17463
71748
81681
39324
26939
65466
66704
72193
42511
80429
30876
88084
20739
87193
76880
51928
23726
62156
69511
91351
64491
27959
76458
87305
30597
51526
19846
91247
17293
91467
88620
22667
49655
39541
30879
88651
25237
52463
93880
94490
82928
76754
54391
11577
83869
77742
10202
88427
45227
64937
85877
99770
29413
76567
86863
24271
81222
23097
43333
10663
69148
35243
73889
34225
84218
97040
16465
47229
27894
57095
65124
17198
86326
84686
29491
97751
61491
33237
58430
71596
99737
92182
66828
82852
46471
50790
73097
48773
82915
19370
41921
12637
13237
12174
98100
45690
72430
76829
44300
65255
60263
56390
39297
11970
20005
97541
30537
50296
12366
93857
37789
41834
17407
49409
72447
61769
29627
72620
27769
51209
22831
51449
81663
32689
36636
28645
25316
70714
93564
68918
77139
99949
68800
32082
62296
99821
82363
72283
10230
58427
52758
81921
84690
41061
56631
53702
79516
43548
24676
68394
85376
90413
81278
99863
97080
67114
54244
63755
68844
53055
81795
38932
10840
16582
13195
54025
36839
96382
96236
42481
54346
40949
26585
70843
52313
34940
98182
67253
58025
46274
44494
35715
52199
86556
82749
45645
78979
66545
13595
97340
97442
30945
67750
12589
37204
24675
89068
88536
28454
87138
41186
70599
55608
67469
52032
76430
48575
65162
71069
13366
73880
86979
45942
26201
44949
51772
49459
67274
39958
82487
60085
56295
76548
85734
90387
51543
35704
73527
46480
10837
11591
80293
30775
48316
20020
74440
66934
21274
59274
29583
82226
54512
95248
12288
10826
87794
43901
75837
30590
10863
98043
82729
67341
64594
21264
74586
55894
72011
61396
14216
26956
35721
91120
52198
52234
46572
32611
81704
77052
54424
56470
30895
97642
46936
48363
24802
81265
50673
37809
58481
36285
55925
51178
71450
40739
99688
86032
30894
48081
92540
83499
81131
54731
81898
62514
29897
71332
35587
19987
65456
98515
15541
41102
11191
38210
32463
31389
88408
46124
55521
67839
32722
75284
56386
34991
45637
32724
43224
40693
61171
17950
95247
94844
88972
36960
23719
67525
47206
27442
66360
90845
49076
95618
98194
