997
83053
19566
33339
86475
66382
74083
73786
68629
48845
89718
25408
63120
44322
42281
57473
45421
42930
65050
12784
10173
39986
97647
99272
73599
78163
13362
32449
32171
63246
47750
70527
43104
53258
73926
35286
35241
85530
30624
79164
33917
93436
73577
51601
59941
41843
46621
78992
83239
87448
33447
95213
68592
96312
54858
68879
39809
60257
28683
12310
47276
13317
48134
14737
68154
95191
60666
94443
59232
89259
20984
61424
92141
91209
22236
69108
52535
18998
87477
82173
37012
71205
90675
72367
88359
88396
57977
98204
84518
45188
86574
33172
50231
51355
30908
20511
23211
90149
11727
80379
57594
92041
13755
42010
93754
63957
52888
64536
52291
27042
96655
37513
61660
66295
49434
18147
43863
37069
58892
55912
91798
72282
77046
90067
79775
20463
87212
64152
29813
84609
58386
94236
13727
25873
44250
78526
26173
99043
26452
36323
31640
32392
82536
21368
20146
10668
19988
91451
76705
84831
91897
91811
54042
59886
67250
41271
75912
47050
17941
51086
59917
42077
92365
91930
15846
81858
37620
35512
61910
74848
56318
64303
46340
28778
88158
77893
94985
68767
37496
81310
18958
42891
42349
93119
43259
56910
30831
16919
30396
22425
74224
74949
33321
71580
92528
84356
64107
25633
20942
87556
47254
93946
62349
74721
98356
42489
55638
18056
50033
25064
88845
50031
89713
42450
90161
89189
44060
69861
58904
66097
21704
78618
84037
98733
62336
58781
93239
24797
68874
73381
53328
25252
67533
12430
71408
80926
73269
72296
41239
75749
80877
98359
65510
61072
67072
16433
87756
40569
18847
44964
20832
73935
59038
67969
72672
68897
70491
31783
82735
78586
39064
56544
98977
93387
74004
22887
56494
44847
79037
59319
72804
54508
54268
60668
93551
74274
48277
26964
48890
15772
76943
53902
10478
81411
13056
85853
79988
39588
25818
73392
44688
85795
53144
62572
84596
13517
54071
95786
72718
84915
66681
85082
32444
34396
97026
94002
81155
37076
49290
59629
47435
63674
52169
91420
10359
37645
90378
75944
16763
69879
27526
95821
29090
26384
62236
18485
29592
65823
14750
53256
42066
99947
68147
99794
83353
12963
56634
60130
48521
88059
91613
37831
41886
42788
43031
10574
20862
52540
44969
11018
70858
24750
84475
21536
97936
26800
85316
78711
16107
73288
92001
25822
45121
19223
52425
34326
37525
18051
92625
18513
23598
17480
55458
33107
75766
19795
71870
53396
65400
85276
13227
94549
37942
41655
33999
28423
26613
44008
38666
79310
42429
54834
48956
98656
85743
83030
39294
13162
36215
81622
82171
72232
56117
65652
92288
38445
81450
11589
59663
57564
40212
66271
76005
38611
71295
20544
92486
17918
11036
18671
98043
48082
73743
41797
69100
37401
59862
73913
47631
90559
10818
63899
82437
45472
98128
28118
36037
93883
48354
28760
39135
83198
41519
72266
83628
49870
73646
69550
41226
75746
81458
59756
32090
85647
12374
32080
89358
26564
59634
22602
26047
43506
71322
60317
94886
90402
93985
46711
84937
38920
73817
35054
99036
25697
66883
25877
64286
21549
59013
43742
18453
18483
79936
58173
42877
21967
17607
94518
66806
31749
99344
63734
74876
64155
24562
86523
90597
92660
90982
66527
52662
27955
73181
63640
58750
93303
66709
64059
51760
89221
56061
28456
24178
72014
34032
34356
56467
37040
62375
89786
91170
87225
11422
10671
71984
21518
82835
50347
63472
38590
53308
48665
81093
69717
68221
95637
42018
43028
20907
19098
52112
83689
16283
23454
59722
49026
32462
19978
94217
51360
59736
74124
77852
41853
77298
20024
19883
48368
83231
48388
47618
41654
89909
57113
25710
92596
20033
77180
66485
47543
64276
90364
25359
82125
12141
23011
18992
97956
84074
11673
44802
51497
95153
37696
39904
33640
20232
20050
53738
12159
94247
34165
39623
85989
36896
29822
57087
80566
10621
83345
44875
86400
98766
80308
67951
58127
50965
26339
40012
