997
60789
48584
64994
56990
85419
57406
67982
57124
72609
40086
96450
87469
75922
85333
51955
62590
18297
82812
36217
93316
81777
80660
54499
44793
46998
46138
60801
83030
53449
93872
13642
26316
50500
49121
47886
23471
48334
67987
24255
92972
39671
55550
63837
10225
13098
44176
34936
51195
87601
53061
78573
88508
32590
80061
57249
13904
87615
55844
69283
61524
89588
43244
72479
60717
82899
37727
68477
94670
23901
94073
17026
69163
71918
83692
41224
57959
53479
20582
32787
19248
87496
45150
83492
81104
16094
93881
82085
51688
14396
99578
82556
73990
12351
99358
93457
85472
59556
34259
20605
32022
84751
15011
10031
83833
83026
46967
58819
17079
56777
53074
81431
50363
22484
58786
77233
63049
27793
66326
38292
33755
93763
48524
36209
75961
12590
96221
68547
21809
58004
76427
98165
30012
37931
61787
41040
86693
35833
90852
12063
38835
15201
12744
32094
70905
62734
80958
40729
38592
63783
20518
89311
54278
30307
28970
15271
73849
43722
83696
25278
77687
73058
67885
67506
49532
25568
78008
96999
89398
50767
93583
53146
24357
70181
31170
86199
63438
86055
67320
44844
68967
55668
63316
86294
98195
47769
18617
32351
95294
77154
24759
47638
16298
86796
89777
19576
42652
98403
74876
37915
95444
98811
32972
23452
37642
52331
52411
83498
55906
56192
72937
75506
31587
58885
67859
84026
67489
87941
43084
12107
23423
33566
58983
74085
10476
71792
96198
47648
41772
69816
13646
84044
92915
69021
28466
60477
53347
13468
75948
46796
13398
88814
15978
82099
84251
58866
33795
93538
62235
40459
97537
23932
83469
17267
73859
55227
40518
80724
85798
84456
26010
65838
57870
81061
94261
11692
85172
85983
87129
42353
86003
42291
36275
54648
62066
39198
70680
52164
23620
39997
36053
99683
61280
53670
78493
89273
70330
19263
89869
82577
73207
77302
31999
63330
14174
73579
21846
29141
62977
22792
13707
83192
20017
18283
75650
92510
47321
19607
53789
26295
44089
28997
28690
78841
31844
90447
42727
12730
51174
27683
88130
40311
68732
87873
86463
89095
31165
20558
80216
57910
83708
91783
89096
10636
53121
35073
96481
46221
77134
21126
58323
50541
94140
54515
68635
57939
44479
88175
24356
19504
73045
64621
14226
24181
22955
48205
58300
66159
34036
67852
31595
92566
49626
11019
19737
48613
64823
54536
51333
38389
16626
34166
39625
33486
42789
29847
90887
91805
60951
68727
81734
20069
65331
37179
14166
86027
39234
40282
27709
18833
81553
28952
85924
25241
93574
95863
13985
51088
90253
72791
45566
61333
50729
88498
16676
51662
24149
11298
19181
19781
34894
78782
92819
60646
45974
13495
54372
57383
80138
61518
52840
35734
62821
97541
82608
82987
13190
25143
12362
28716
49539
79143
99349
22833
15238
88507
25812
76875
50131
60201
31678
66792
23531
17443
41790
90433
13228
90541
21687
95221
90952
78671
87156
78808
87591
85597
94088
50756
10635
99200
16869
45032
96358
65137
29902
54578
93347
87957
11506
11176
29231
91477
50464
32749
84288
56700
99517
84865
91679
58301
89875
23903
42839
33437
52031
69999
17279
90189
81443
47865
94031
14555
83315
68952
22023
47637
61173
37493
18689
89385
10814
99213
81187
61272
29554
60162
72149
46342
42835
10843
15984
46392
68147
71286
80490
23840
89429
21202
63567
38268
47065
30779
64804
74893
65524
30555
50187
80180
74848
66572
29989
61058
12960
30197
37896
23887
98603
62351
17458
17364
57162
60855
32751
13397
50176
35825
97896
26137
58537
44802
74760
82610
65127
42254
26554
62814
25464
81250
15158
61241
22467
54896
63884
39177
36444
96987
95888
75395
99888
71907
99896
70424
38623
67622
32511
28345
50446
14433
92894
56790
16728
48318
56283
20483
76143
37324
23179
26887
48080
46173
58104
51991
85948
89850
89377
40519
84117
85572
86925
10267
96161
47815
11208
52865
79472
34037
98300
15173
33576
92800
21467
75082
16220
36310
56647
22049
12508
37917
73308
42204
22416
61227
71883
84584
25980
12603
44522
41125
17895
74928
70288
10487
84021
21105
30064
41746
62192
61433
77850
36299
10494
99970
76129
29595
14254
40706
22425
89856
23775
40551
97642
97349
80299
38673
73592
21147
10702
59175
67365
62122
96652
82873
63099
88457
37330
71291
83978
76347
19522
14394
44840
28354
43590
11586
45438
81510
66839
69002
51021
24263
21101
10463
92991
55388
86953
36697
57054
97876
37485
37788
67621
45069
56839
54095
43399
26160
79853
83189
87785
68538
11845
90788
10160
81550
77772
50817
72699
19585
45416
26019
13420
63806
43087
79681
72800
46834
66137
47849
51026
58672
40675
97112
88744
97536
37112
90498
97444
58920
93152
43559
71030
75015
29772
68040
70510
92795
99244
38433
77936
88895
78246
97907
34624
49597
78588
78232
66515
50117
32608
59405
91323
64661
37396
41990
20877
48759
52707
49575
95916
16570
97372
78525
94102
15455
89341
71279
51269
95465
88543
12071
39747
51872
25013
80598
98174
96938
98750
76292
39340
67454
47626
29594
65806
90937
82446
78497
41174
83730
96104
90821
71443
77674
34809
43737
13133
55929
81101
17410
95864
25061
90259
90188
15801
50592
11940
69018
44957
63326
30941
83200
26877
83112
80542
15052
99586
74885
53335
49621
58011
30693
26116
74147
26610
23756
53822
39843
44317
50368
68915
72329
81130
76455
78732
64153
76361
90904
80428
36167
15070
78831
50990
94782
41143
17228
58927
11799
29995
48547
65150
32208
31133
35598
42773
91723
70666
68433
18366
23317
52124
39144
26255
37891
96328
54936
19022
46529
57849
19532
86386
86853
37193
57840
48552
83980
26901
65859
21627
20974
41579
82542
81262
73809
77068
68259
52994
44717
24020
75204
90684
74844
48648
74275
40940
42255
99850
95883
62231
10979
61247
84354
92627
12831
70016
93131
34658
37714
50964
34401
64025
28827
65345
46744
71283
24212
13754
80396
56910
51562
98619
95735
82731
33544
45337
63193
55247
23241
15262
80222
