997
73259
29029
99455
23917
35492
98545
57825
24424
92561
45985
39401
60208
56153
33095
12071
35453
94033
32954
87731
70604
77788
74615
50542
29328
58908
64182
62508
83139
38239
38550
99881
18447
41520
91703
92818
90855
87727
46461
50878
14446
51916
16913
64367
76127
27403
17398
76866
64613
94716
88683
87796
64851
46296
19758
47697
95152
65749
60825
55761
62825
25601
54050
32872
54113
65342
50885
17341
36240
54662
42247
86723
72374
84431
59589
77889
17003
60120
95932
59323
25569
88843
15314
78769
65134
24300
11835
82180
70766
16694
50180
68796
95761
11604
54411
55217
61057
34603
70271
82198
69665
23935
78141
68670
92339
23098
26533
72804
10082
65378
26590
13196
14653
82378
61179
81838
24557
61705
89805
42104
19275
58444
15727
77511
93208
17894
93387
67021
16518
83895
15242
33303
22252
85568
84804
50694
97067
80854
65319
94412
49032
62081
16359
45634
12826
36069
83063
17359
18920
37531
43448
47687
55628
50406
53159
73898
47179
60145
56110
79161
10132
66056
18452
56106
71456
85430
49230
83623
87555
38549
66263
34536
37228
66128
28291
30860
52150
51804
40034
95908
44343
83103
79890
57749
15934
88379
68425
85071
63693
31511
70873
69250
82564
84120
90231
63701
69143
78336
66466
36190
64212
56870
95796
45619
57833
48831
71278
55123
61838
44857
90197
30201
88842
95240
36393
55463
90215
52670
47349
75143
14848
71616
15354
90293
24874
45946
18880
81069
91669
57632
34738
62221
81192
63686
90660
73964
56938
52301
19872
51535
97059
63736
91946
68083
68923
89273
30825
13684
36910
99795
78562
53852
20656
67096
25697
68319
73299
23275
94478
26649
56055
41628
53543
47412
26939
53388
64629
83323
16158
25698
36112
92813
84005
46329
18382
96843
60935
15137
58964
44762
41271
98528
40811
16059
69644
62928
15069
37931
40036
88106
51095
63850
68853
63467
85330
30311
69689
81076
21284
86877
25614
94692
46702
58367
37317
75644
22692
10790
85964
16325
74868
63071
62728
65425
14481
59207
68871
93793
52854
85867
12111
21585
68157
61859
58849
97144
92307
70517
54322
93844
61906
14048
27311
37320
40238
83746
48425
98215
76251
61304
34732
95237
14923
85326
89282
92486
27620
70950
74419
61307
69471
56937
29436
93295
48574
74699
77157
63822
75634
47826
30169
36993
31215
53870
34737
31347
43986
66719
59837
46271
19520
91777
39918
85387
12731
69248
37587
48982
18904
51575
43748
34408
41996
71426
46486
31563
78976
67750
64879
26572
31609
38114
33937
42693
81065
22804
56857
31025
94124
96228
70519
41218
79384
16348
66089
43996
34319
74878
59474
40886
58182
61385
19498
21769
96485
91615
68403
93619
50868
34168
42127
94621
13349
98929
92229
62670
52490
46098
29500
33224
47168
98824
32803
30447
72827
23714
33220
28066
44524
72479
58449
61956
64084
59732
18645
69112
83883
38896
89124
98835
42404
99819
70691
20490
65602
25801
99559
13106
92265
85735
82454
97111
18694
93698
93867
59055
79417
74257
58384
53005
58140
76379
84483
41526
40146
70060
71392
91670
64364
60978
44180
37790
96934
25950
75046
12188
92728
89506
12177
