997
93937
37829
35417
90911
92628
21541
60236
45015
90105
89820
12322
93239
81356
27609
98170
80465
61226
24106
97061
91721
74535
37676
37850
95899
33732
64173
19650
67893
24159
99050
29234
74107
17127
47876
66811
38168
10760
85941
27229
36996
37321
78285
68668
50009
85585
92140
17730
87859
52736
51737
81621
40168
44464
81793
38000
94900
83988
30842
25074
28203
42208
15422
30936
55406
55664
46655
94040
48841
86274
73347
36495
16069
50277
59037
12852
35894
88575
44531
25974
27978
15588
35208
72240
34166
21608
90210
21355
54757
15916
72549
80313
83585
61171
94465
30658
24307
89075
55676
84777
14727
80343
65018
85252
68831
44594
79444
53931
38247
75119
22466
94680
43096
49461
19577
86614
59171
86963
16544
66820
67895
94432
24904
77244
65886
74442
33202
71204
57355
70363
83071
13423
32586
23975
46989
74423
50937
90164
69894
57179
71394
69200
19492
63509
87147
73963
53716
57715
26720
33170
21441
81399
48437
48288
44996
62683
69868
14316
91388
28283
17506
72243
42174
73318
88987
40376
53027
68144
27174
83612
97534
22401
42733
99061
18720
50499
30056
68633
89268
18283
82116
74852
81193
79593
37325
78866
82707
41655
51543
77615
16679
78970
23365
48183
50213
76861
40799
76493
46367
60297
18643
10881
72159
59811
87482
40627
12771
59385
29393
34805
88051
38202
16966
39267
76358
80540
83114
95142
58536
48852
77604
41420
20497
33312
29386
20886
43433
84001
72068
51824
17414
83596
49150
88498
81023
86231
27185
50291
42225
86976
69472
80000
59459
41706
45638
76172
77297
86046
32182
45126
85130
42378
59522
51221
21656
81020
19529
25322
75686
15976
19700
22118
84819
72491
11578
83641
50290
21346
25783
84174
33406
51892
87016
80835
22164
42837
96808
34480
67012
36243
32731
24819
75781
68860
70411
87822
25959
35274
81051
51626
99965
67421
49057
82426
41528
60776
87712
95555
50640
33141
42357
36752
84097
45958
52850
47218
37687
47933
29901
96886
10271
89918
63385
19833
58125
54854
44640
20310
38146
70943
44127
71505
96388
88886
72428
28280
52981
53512
33010
64065
91946
85657
24365
53550
90706
58242
57649
58811
17679
51477
89656
40492
20979
40288
21009
29142
68430
22041
12411
51732
99743
21455
90712
38671
37414
94605
46034
79423
12199
82802
39315
17635
18059
75404
91165
10859
82240
81059
66827
82319
94314
27522
86810
90465
30549
95225
96290
44875
50476
88014
13486
40845
96295
13552
85275
36943
82650
89939
23904
73078
99157
69058
15330
74232
79817
10351
64449
11334
74785
83449
93563
73157
51751
71631
72872
42920
62444
43199
73279
78167
27612
33082
44762
23885
89039
58692
36361
52210
91858
63287
28391
73016
12435
18793
71232
69176
75453
18123
38070
10296
28123
52933
97993
33854
65070
19073
63642
44558
54560
82468
17854
21773
90315
51017
61267
87819
23136
91926
76067
30876
24737
15664
84680
53425
42464
31767
95336
54365
27272
80271
93062
75432
92073
81995
23635
23608
34338
43649
57091
67782
68734
66347
56129
95146
96512
21180
86560
33535
86266
99756
43198
35143
97829
45937
43577
62118
95155
25552
13263
77633
45571
67035
91229
22849
26109
43714
56935
35582
15899
14258
86406
66977
17301
95795
99489
39580
20938
49791
48510
48019
90487
52599
95549
71444
59970
94834
83203
48371
13581
54313
56577
91226
81655
98308
40549
79557
96613
84880
66906
26183
33714
44797
36749
35063
74927
83132
54395
20072
99030
22304
20671
84986
15431
34876
59298
88313
47758
75958
83482
64378
17215
20654
56844
93544
33157
43164
33685
34133
11540
14740
64224
86417
77089
38833
32717
57588
92443
13194
47683
91585
59612
83742
27080
35468
86758
66943
29955
77703
96919
21904
10550
22363
38172
15807
25987
11860
73073
26081
70285
72882
33850
78104
19589
34727
46986
15063
71155
59036
66673
38786
34560
70468
91939
15385
71795
63911
29018
69592
76761
25673
10203
47337
78822
49897
30487
68048
82819
40928
30538
38804
61689
96447
69935
17021
45507
70068
68205
95778
78236
73166
27606
21523
52188
15328
25455
56421
51118
57940
19865
24584
38113
46823
95758
80742
72778
13250
68603
39451
43847
92786
67541
16480
87426
30042
50304
86783
38878
13985
69683
34888
64111
84078
97299
94532
41249
18161
82587
91378
85391
97508
48488
48046
90755
40701
66575
82689
97911
90413
20992
41839
80568
74270
76287
34172
98354
60639
70769
90235
62085
45378
15727
55117
35312
79956
29304
43780
20313
37013
64125
68763
86870
82047
47278
63260
54680
80775
57800
28398
