997
79611
56428
92621
17866
46343
56581
85678
87477
57296
98285
74381
72666
89115
88319
40725
41886
47590
50598
94622
20852
11065
44153
89459
67469
71371
14252
77072
94875
65380
68665
21433
46907
22992
36450
99989
82917
85267
94716
73040
29949
86954
98011
72019
65813
14870
57056
36545
66291
34789
90787
50534
68268
90399
48593
69880
37012
69349
77056
81320
33436
51914
15894
95864
15343
30642
64034
73569
25239
90808
27237
84347
84700
56585
16271
84310
40537
31854
69922
80193
62224
71324
26661
91562
22322
34143
26485
53965
61634
42003
97546
77390
73886
26470
69556
78330
95168
74442
11090
12758
28801
80605
81665
44435
59378
36730
21381
88743
89478
80690
58678
25390
47473
84757
13488
86391
49435
89661
32596
53824
71672
91823
40587
14417
67456
58193
91210
89163
11852
91999
78798
42803
24743
22792
21872
67233
28828
34299
66398
10472
19410
41039
62594
72134
12640
27250
66066
46664
19392
13281
47074
79031
49488
30645
83409
20490
36660
51493
56943
55005
30460
53927
37586
81819
41947
41425
63925
42957
13113
19675
98532
32224
24329
71331
82812
43448
54521
79765
67379
59524
73321
55432
67554
86355
33891
58066
34192
63884
14719
22141
37593
98611
74293
57293
88847
47073
24926
75982
29737
41394
99535
15268
48594
56347
42797
89767
66533
61146
29791
79163
67328
33311
33042
53953
48186
85227
40530
87268
95746
75579
84190
16283
64982
57322
63893
91303
61845
16320
78239
98777
13499
14946
18285
43711
36755
30923
49308
42636
81162
97969
20393
74734
27331
18921
40597
39773
66244
76575
48557
36608
86604
86710
59496
74186
50284
29034
74989
32387
46689
28042
78514
20646
82839
46534
69740
11579
67858
87849
91719
37738
80351
23884
83730
82763
52984
73416
63730
28556
55463
37949
32854
35513
30573
93163
26814
69198
54392
73211
87044
29790
39564
14921
93869
76275
27239
84374
46839
17785
65919
84731
94521
78192
85026
77559
70734
98073
64115
86087
65454
93871
42091
55542
96398
47183
39107
70303
35993
50977
13452
29209
55206
75905
40760
93449
54136
17590
22450
72243
69133
53353
20067
35162
32390
53597
59664
67202
40269
96611
33297
59927
71058
27438
81473
11808
59111
43492
63849
19492
64269
60258
73807
25100
36057
54788
68755
24097
39077
87524
93039
90649
60505
15925
42027
65373
96907
34917
42792
36666
25720
20932
14834
74279
63242
95105
92274
71954
98206
88627
94814
15028
95089
73570
64680
55945
37725
95598
62153
17089
99302
32432
44500
65607
82731
31054
48663
15455
33729
52948
54759
64429
84987
88906
19592
41686
27257
30719
35859
58885
71309
90083
43170
38019
44466
87700
62947
76664
20050
37621
81882
91699
46224
11653
60972
46087
55018
91867
47273
59944
17193
43907
98032
91550
72609
29674
19633
46079
25746
26761
42970
10389
50360
14111
69798
63908
10177
90418
97241
36656
92868
29954
51580
26702
46465
37980
13054
30058
28830
13127
45017
13803
80059
82662
45099
14247
41574
83353
55097
34372
70753
96634
58043
52552
32423
35715
22457
29953
35071
83246
35825
13123
59047
97592
73334
14559
18137
21513
32536
22987
82353
80603
11450
66695
73737
46514
24057
95379
82142
27277
26220
15218
28087
37388
98704
50446
27480
46025
82583
90562
37167
13560
71681
47362
12275
39370
43370
20267
47318
26310
62954
38652
72171
69853
16075
47251
45608
66753
10769
35331
35857
92011
43494
72012
81026
46510
39561
22924
62029
46291
47687
93356
17163
63601
98618
27514
90643
14527
21963
85570
63250
40130
86416
14346
27623
76477
58319
58867
23392
34583
64187
98361
51276
50896
63233
83134
75692
10172
44727
37299
67803
20486
17376
39441
85235
33575
66637
39799
34670
20590
28912
88811
84289
19482
21223
47507
39869
95485
16091
16023
19566
13429
18002
81582
60339
29546
61379
97130
87740
40101
29923
74932
85110
39612
57407
67296
61250
75917
73461
94489
94300
87050
97588
86651
48835
46119
31362
59755
17755
65557
34972
40163
39891
22598
94861
27895
10262
65664
71165
15857
94702
47815
34403
94408
57459
59217
86273
11191
82163
86465
83041
99828
20507
71824
12473
71569
79939
40947
23075
50037
96408
48780
25353
65528
91172
85290
29011
90203
26978
13068
84124
90702
98506
73504
95523
89418
65094
25882
97870
47808
26872
24177
75516
25565
73881
45590
24393
97309
23197
92857
40786
35692
64247
28582
46404
47938
96184
13837
87397
58753
