997
14179
40056
50746
91655
47492
88606
87620
74132
25551
30079
49658
92267
20088
88341
79054
73111
71988
56600
52516
31100
70481
89991
47329
87108
84063
47783
41209
30959
78510
59125
97123
25424
94860
98778
70858
29652
77191
78992
56746
47875
83494
90572
44137
37016
85167
49979
27994
96595
12755
57822
76316
18784
45596
69815
43009
51244
61148
82443
40914
28471
18795
77237
63830
31766
40532
75666
92430
52182
67192
94071
87132
61946
76063
71742
66249
67637
55442
52271
22017
80824
85402
12363
99123
73391
15944
54334
87990
70123
47111
12637
61011
87778
74868
76172
33411
65284
45077
39139
27101
18609
53650
49174
49417
17426
38516
35539
49548
38542
12025
20159
47439
63563
12975
27621
12044
75401
47349
46893
89040
80403
88403
76112
83045
60712
26629
47272
33690
33165
27991
13426
44968
15502
80640
29780
75380
17193
12827
71014
17457
72909
80236
52183
35487
68056
74412
26706
61234
69264
77545
43788
50794
51851
58573
94600
95239
94326
38425
35198
70246
92934
93982
12184
99878
98180
80107
23114
67502
34424
21754
39522
69389
78500
32036
40538
56191
21955
49794
60764
84904
87597
81168
31590
48203
36879
33313
56152
52096
93160
49389
31621
38444
60302
63917
75023
80087
61296
88790
40334
58847
70782
90467
46018
80128
20282
99364
90032
55187
64341
67810
75576
54641
51152
21373
46336
56305
64012
69097
14662
67831
35442
48415
74239
44032
32322
60103
94535
35784
57418
24542
45875
87480
32775
79972
43944
65774
56483
93959
28514
48370
19679
25096
24989
79233
66001
61499
45499
19993
92226
63983
81148
11619
38824
39237
19666
56271
45593
34262
63546
25321
67773
20351
12027
74743
23241
76521
93721
49747
13122
47529
87432
62166
52581
54309
28613
18261
71975
71071
69282
72904
23775
33852
57101
92085
91071
48119
93130
36864
64876
10543
40725
40475
66374
97387
96724
52654
63975
65483
12579
35158
89635
52937
84502
59153
94820
16158
42088
66509
18573
95032
96825
99087
49804
78801
22926
16170
74810
12811
36932
58450
10701
80830
90241
23594
90902
47758
40838
69133
14922
38767
47472
43816
31930
14415
83779
90652
49391
23193
45448
39155
13253
17618
80819
21011
59002
10928
13106
16718
94666
44041
87599
10014
61914
17988
45456
41561
64106
77063
20068
88830
57469
35113
29785
23893
12501
35379
53742
50072
87078
33043
76523
75532
83720
50497
62960
83479
65189
17713
68391
41375
77933
57835
90195
25514
61938
37653
92674
94720
90989
15317
98670
96660
73948
90287
89738
92554
24373
41296
27176
39941
14412
95438
69031
65967
10788
65277
82671
39573
26673
18811
43543
63494
15587
72499
30838
79197
57446
67888
89718
73355
60680
12070
15252
88833
84563
29500
83746
81415
87871
71745
21575
53738
66352
61649
99899
86650
24942
24546
92415
93680
21568
14122
56963
98123
20483
91461
27591
14033
94725
27587
13243
38759
55014
18329
77162
18632
45333
25209
16111
15831
46669
93079
84630
32949
58023
82461
87527
25655
21135
44205
61453
64503
49161
47295
22631
16433
36575
38448
83896
96093
93024
38088
94205
52625
80814
86112
40948
93577
78734
88287
49134
95986
86243
83518
23975
91981
36342
81744
53041
21471
62374
29142
54868
12223
19689
35025
73539
49120
96017
23420
73092
10258
97154
91629
96141
78937
98022
83891
92736
94587
65029
67674
91815
31728
96386
58245
25649
64762
63087
30530
63225
60260
47414
15425
21483
59451
27412
62776
66583
57155
86015
86512
77661
69519
92052
71566
56193
84039
23134
13321
83917
20664
32560
94833
58373
60249
92069
60368
51352
32783
55960
35665
49774
44699
76567
78142
67029
83277
19345
14672
87059
38240
15038
26281
89956
16113
90506
95670
81056
90772
68910
32421
60371
64205
39487
69676
24593
39644
90598
84282
94424
17782
48076
85446
98627
32806
20248
43640
65243
57934
46053
27475
31803
84715
59576
31604
49709
23339
28696
90833
42645
39760
14107
51428
84737
16391
30277
94469
59805
26843
76653
46447
81526
76371
61643
34531
65872
70483
13276
50084
87101
12635
32589
77540
25170
34148
73926
54089
32128
46783
64854
75675
80015
57631
22280
55649
99317
46268
59301
85681
87291
65114
22158
68132
51465
65224
42775
50827
65201
39653
93166
80909
54414
29907
52897
60836
15108
42779
72629
87818
85240
67382
57692
91508
58472
46016
27483
84378
62379
58252
85781
12659
17911
67264
53565
92741
87456
95938
40996
75929
56210
83216
12374
99243
22524
22771
94733
95188
46418
24750
69844
56792
67014
71098
14544
35037
48533
22755
73500
46812
11737
45087
91827
73394
35892
30470
54062
38357
81751
23907
17518
62330
66343
46452
50839
66283
38309
31373
59895
93765
16696
53931
47317
65008
50737
57322
76502
84550
94970
98504
51841
52190
37785
70311
64396
93187
59543
49458
25818
62388
12672
53860
63841
84660
24408
77360
48988
50629
53399
95118
28382
21313
62367
12601
10231
90230
51981
35775
57523
84982
42260
95780
54091
66049
17075
14299
51648
82150
94401
54715
98289
59483
41175
90663
62164
64070
83618
50050
