997
23339
58320
56761
62836
23225
94588
56455
82862
84359
67475
25820
67653
13042
95106
43710
53482
49402
24713
67554
17209
19130
49179
42633
38519
68677
57407
48184
58626
53964
79485
45877
12430
76370
18355
10752
86680
72277
24633
87507
71687
26779
73802
13844
29031
58059
68824
35803
92838
55301
56351
67347
90857
28420
53329
34299
88752
52836
50860
75978
56596
64101
46810
16567
58423
54677
13184
35327
21531
65199
29167
20629
83535
13950
15483
21553
98782
84876
43845
68544
99571
92036
34473
27237
48653
53812
60610
36398
94736
83118
87502
80595
84388
84031
85341
37566
60672
60312
68141
97226
43911
10290
57543
16209
73207
27458
23641
15176
17664
86644
57317
57968
65772
78058
83897
44293
74554
62706
10377
55210
21124
97475
43164
44571
11332
32787
38934
30588
90426
51492
95958
33939
10970
40682
97905
30406
20074
67039
30719
27495
91182
43941
36880
54097
84593
21274
75953
95067
19055
83201
18501
11133
17104
77300
12810
35186
94966
44496
43256
26460
33289
21812
28984
86484
92023
68666
93384
53935
83672
95673
40556
62776
18520
43942
79792
27310
70987
93750
39449
55116
70836
51871
92754
24901
86286
71809
39385
72589
80571
89464
51982
27215
41598
50622
34804
29498
76953
79942
26400
33570
69841
59175
42189
89305
47880
20266
12169
69193
70349
19713
65057
72456
53593
38173
36348
38027
33600
81781
57134
37236
42636
27534
92966
39983
36821
47358
93274
99992
79146
46089
71314
15486
18927
30236
83217
23352
42315
62524
62196
10669
33150
29096
17071
20239
14524
32016
23472
14256
36290
38024
12727
40919
92279
84347
93482
86043
13003
12783
88334
55800
26386
45534
48142
76715
69298
16043
59397
47501
72085
75094
58430
12647
86552
83669
12082
14698
39911
13534
53943
58119
67421
71249
90315
31866
26498
48584
72231
32497
67450
80073
57259
59465
94824
82641
76005
80832
25387
18595
83685
72497
39737
52233
45458
74368
74615
45822
96419
41136
30401
38724
92091
79160
17645
87612
16396
85008
38119
29410
41300
59177
84707
77451
35949
49720
33429
50179
27800
96472
27537
36127
53948
90197
90848
80291
13943
42875
94860
35756
11406
18817
16704
43404
70609
25376
85963
71019
88554
90537
72072
63951
92310
37520
21478
70398
89237
63394
79694
62194
58089
21013
36757
37812
71576
95358
28494
83870
93061
51667
96664
17840
39461
49159
38235
47607
71521
34789
21474
27048
46289
99785
10418
70347
43532
47921
66455
17735
31350
60370
40119
72040
76943
54629
23787
13581
85287
42855
63047
96636
75188
65037
33013
72213
75715
45004
18049
72187
39783
62511
90559
10528
88361
75148
36206
32235
74161
87431
28750
30533
23703
74826
52647
29126
18032
57629
95776
40044
96736
31843
96499
72409
66273
27588
80432
79340
55191
80200
40984
26064
75507
19045
98248
56719
19445
76829
12584
80563
18635
62213
70534
20006
60850
17210
64277
87581
98241
82894
10742
69976
21589
39222
23867
12367
57189
35571
31100
84373
47872
16124
31903
98346
87366
56532
73749
26134
44802
46345
39704
26202
36570
49271
15768
47400
16170
61047
89292
66740
56709
29705
86614
42880
95242
98394
72058
24010
72529
82920
27896
63888
81326
10444
88327
83188
93187
45393
35975
49055
67855
27631
77077
98367
69457
48731
80311
42995
47828
48322
53637
47790
19786
64817
95726
31508
70447
60621
37026
88631
94558
47974
20388
