997
63237
50481
96536
21933
97660
55823
31129
56596
70112
96821
32239
99091
95236
35420
23157
60605
73213
94967
30732
51752
46008
42986
31585
87993
81301
91278
73734
73064
69501
40340
18436
11713
68738
46150
36992
19817
85689
45730
87041
77321
70559
26492
66238
70938
26476
52665
42571
51797
40631
51802
68736
25064
46118
32800
73577
58196
58811
26325
79003
81328
81439
16413
43754
15454
70898
51605
59576
23700
70698
93178
40245
61720
27663
58145
40994
19293
68179
89191
61707
19028
13995
85300
36862
30276
89812
37107
62702
32065
96908
37871
33153
10827
15703
52956
32685
64983
84089
11793
69323
34289
80721
56338
68687
54459
21317
38727
97482
83434
18390
90369
18136
53827
18925
45378
42808
70774
17482
95255
22051
96476
92406
49628
71559
37038
95873
42538
85424
42843
18331
31509
49394
91522
46400
90772
31685
85152
81405
33790
10635
45630
89383
18210
66447
57911
20035
43783
19265
76565
87904
82430
20408
10071
70228
89340
65112
35696
91682
25110
74090
79806
34579
63353
38066
32913
65873
48529
45182
38633
39847
81644
38587
89434
93782
63522
43628
86203
70030
19796
93661
74789
29595
77552
26053
73262
96236
58358
34124
72827
78392
90928
59697
84985
22481
94331
63216
43592
20271
87031
81086
14815
52595
11861
41065
71115
52801
83619
73550
36999
34437
14924
48882
17815
69903
29858
85713
57620
59492
92771
69183
51434
72887
61201
22775
57065
23204
76444
75865
81686
71677
86055
18610
71595
36722
50718
72550
81483
16638
30362
46995
64554
89853
29475
23375
22029
80946
37196
98936
40069
83455
91002
75979
82738
67925
16672
74915
62685
92725
69473
42159
40189
42269
41620
70395
18530
31881
32281
98512
42232
20232
84521
45125
93657
81237
57892
65222
29179
24357
45747
91003
62212
98056
92498
21476
62302
72324
45945
68471
79915
12064
