997
22562
54661
88511
54419
44154
90028
21725
67972
83523
45482
22956
14242
47019
41486
53108
12690
89364
55362
33799
75999
91165
71396
62609
55035
26863
28538
22796
94499
58962
77547
16739
60019
26519
64226
66551
71664
51041
32613
88234
35325
92482
31285
64413
83699
57848
89613
90082
40037
79366
40232
43413
11122
80306
78142
78412
77584
32530
65968
14550
33121
58416
39195
52128
47766
55204
73659
59530
10624
62755
56671
94544
91080
55954
31058
83620
53632
47879
68627
67928
66978
13386
81187
96254
58480
91636
90213
26918
46646
38678
57064
19762
82396
39625
24306
37233
48817
81324
83275
34668
94924
80482
51365
71259
26434
12826
77209
58020
62413
77273
22298
63771
15717
24356
65127
24949
14627
35082
43476
60793
68948
93350
97161
48439
61713
42073
10689
43878
70452
80168
47668
95797
11182
75982
81334
74040
92087
44056
16855
39932
76255
78372
56360
51929
14186
92253
34196
99352
80146
83238
73917
91421
93703
74090
90200
44233
79261
66748
36270
35021
29046
57276
71527
25261
53934
54660
51322
15275
41543
47227
16560
97280
54499
93501
97527
85040
17674
81028
63138
95949
17120
60482
18761
41725
35402
26896
35358
92128
98992
46022
73236
51064
26146
76977
78014
42371
80866
24460
35134
73116
23689
14436
97353
91115
31432
67053
48756
64367
33864
96614
58055
83806
93016
54569
40335
89818
88634
93748
59460
37161
85886
24142
74091
21894
20921
55398
83788
66543
85771
25423
31793
24214
65237
34625
84751
74944
75075
52600
92211
96492
15272
59202
16105
14148
14833
50954
93362
75474
38853
44260
98744
67995
19249
51780
62647
86991
78473
87522
55952
37658
72004
35770
89303
37839
91419
45538
81966
93562
53056
54676
81391
89928
44495
94458
79854
34652
59698
67782
29801
23883
90133
26552
95535
68961
97805
29569
17920
82873
97975
50532
11048
10008
91800
62316
23062
35481
44015
39556
28140
26663
77704
73694
41810
34363
96237
37745
76478
64765
12353
47702
34411
18989
16441
47780
58159
75601
74256
28807
36323
15975
85320
36189
25616
23448
73157
36293
46916
42757
69195
62829
95345
26137
15552
16049
34886
46707
98188
21144
62382
72382
48983
11580
76133
93006
57433
72107
63685
66716
53981
30739
65720
33316
85255
80102
93304
82498
73981
40633
55582
81262
66646
23782
56883
64461
98375
59527
17245
85490
66422
41995
83114
60797
96552
37549
33835
75847
14127
57029
21342
75739
72968
67241
97240
99975
50498
59807
55425
55481
13422
52111
22954
64750
84583
53222
40397
74202
26971
93783
92305
76984
58258
28703
35604
35274
37041
27770
96011
32206
82193
25399
53076
68562
72430
22942
66961
66981
58800
85332
44351
84643
66697
30225
20670
64043
39231
28130
84440
35585
66382
26513
83105
42252
52115
14693
71292
98002
16289
35667
80108
25942
44461
34703
99262
17346
92995
60119
29517
58034
51121
87308
58855
41934
55222
85838
37341
67085
90432
70706
93179
35758
79946
43591
34717
30328
68296
26515
16823
97139
73994
79889
12362
97377
53597
82304
90494
80486
29033
22583
47650
85558
18117
33402
20358
39313
42948
50737
36516
57125
72060
21798
71899
93881
11992
53493
55860
61262
21653
56470
58565
70078
46274
98663
54360
81115
46298
94735
56979
83351
15807
98707
48306
74123
92554
32605
97032
59943
92436
92585
72752
74762
59037
67397
35634
61879
82576
50334
80779
82070
99964
84375
87490
66593
96803
30852
46316
60714
91577
15209
15061
52753
43495
72661
60021
51648
17112
27843
80781
86145
42533
30643
90277
57003
69807
50312
79007
65345
25246
77636
79464
38369
61448
49311
19447
26125
16674
26167
79111
96849
98057
14501
71361
11894
76494
24270
81451
38704
64737
52456
31161
42224
54574
48092
43241
39955
58820
10317
52399
88763
34801
59970
29330
28242
15645
66099
62521
75950
70789
36204
30456
